source,group,group_full,individual,African HG,Amerinidian,Anatolian Neolithic,EHG-Steppe,East Eurasian,Iran Neolithic,Natufian HG,Oceanian,Siberian,South Eurasian,Sub-Saharan,Western HG
1000g,ACB,African Caribbean in Barbados (ACB),HG01879,4.19,2.75,7.55,0.0,2.14,0.53,1.2,1.96,0.0,0.0,76.8,2.88
1000g,ACB,African Caribbean in Barbados (ACB),HG01880,5.55,3.58,8.58,4.11,4.55,0.0,0.0,0.05,0.0,21.33,50.74,1.52
1000g,ACB,African Caribbean in Barbados (ACB),HG01882,6.13,1.15,0.81,3.13,0.88,0.0,0.0,0.0,1.05,0.0,86.85,0.0
1000g,ACB,African Caribbean in Barbados (ACB),HG01883,4.28,0.0,7.42,6.13,0.0,0.0,0.0,0.43,0.0,0.0,80.06,1.69
1000g,ACB,African Caribbean in Barbados (ACB),HG01885,3.84,0.13,2.09,0.73,0.0,0.0,2.46,0.84,0.0,0.0,88.28,1.63
1000g,ACB,African Caribbean in Barbados (ACB),HG01886,6.99,0.37,4.51,4.52,0.0,1.49,0.0,0.0,0.0,0.0,79.12,3.0
1000g,ACB,African Caribbean in Barbados (ACB),HG01889,6.82,0.0,1.71,0.39,0.0,0.0,0.0,0.85,0.0,2.2,88.05,0.0
1000g,ACB,African Caribbean in Barbados (ACB),HG01890,6.07,1.02,7.64,3.65,0.0,0.0,1.94,0.26,0.0,0.0,77.6,1.81
1000g,ACB,African Caribbean in Barbados (ACB),HG01894,5.17,0.0,5.27,1.17,0.98,0.0,0.0,0.03,1.16,0.0,84.1,2.13
1000g,ACB,African Caribbean in Barbados (ACB),HG01896,6.59,0.31,0.0,0.0,1.77,1.8,0.0,0.24,0.0,0.0,87.61,1.67
1000g,ACB,African Caribbean in Barbados (ACB),HG01912,8.43,0.0,6.49,2.03,0.0,0.0,0.0,0.0,1.67,0.0,79.77,1.61
1000g,ACB,African Caribbean in Barbados (ACB),HG01914,10.82,3.01,6.16,3.61,0.0,0.0,0.0,1.42,0.37,0.59,72.68,1.34
1000g,ACB,African Caribbean in Barbados (ACB),HG01915,6.11,0.0,0.84,0.77,0.0,1.4,3.35,0.02,1.62,0.0,84.28,1.62
1000g,ACB,African Caribbean in Barbados (ACB),HG01956,9.78,0.76,4.99,0.65,0.0,0.0,0.0,0.0,0.0,0.0,81.1,2.71
1000g,ACB,African Caribbean in Barbados (ACB),HG01958,3.49,1.02,8.15,3.02,1.45,0.0,0.32,0.0,0.0,0.0,78.84,3.71
1000g,ACB,African Caribbean in Barbados (ACB),HG01985,7.74,0.0,6.75,1.21,0.0,0.0,0.0,1.07,0.0,0.0,82.25,0.99
1000g,ACB,African Caribbean in Barbados (ACB),HG01986,5.41,1.25,6.37,3.08,0.0,0.0,1.93,0.0,0.39,0.0,79.75,1.82
1000g,ACB,African Caribbean in Barbados (ACB),HG01988,1.25,1.72,14.27,9.94,0.0,5.93,0.06,1.45,1.07,2.07,52.98,9.24
1000g,ACB,African Caribbean in Barbados (ACB),HG01989,5.18,0.0,4.22,6.21,0.0,0.33,1.46,0.0,0.0,0.0,78.43,4.17
1000g,ACB,African Caribbean in Barbados (ACB),HG01990,6.05,0.0,0.0,2.29,0.0,1.2,2.87,0.0,0.0,4.39,82.38,0.81
1000g,ACB,African Caribbean in Barbados (ACB),HG02009,6.48,0.0,6.1,3.48,1.16,2.45,1.97,0.0,0.0,0.0,74.49,3.88
1000g,ACB,African Caribbean in Barbados (ACB),HG02010,4.96,0.76,9.6,2.41,0.0,0.0,0.0,0.0,0.56,0.0,78.18,3.53
1000g,ACB,African Caribbean in Barbados (ACB),HG02012,8.73,1.56,2.08,2.08,0.0,0.0,0.0,0.45,0.0,0.0,82.3,2.81
1000g,ACB,African Caribbean in Barbados (ACB),HG02013,7.29,0.29,0.7,0.0,0.0,0.0,0.0,1.58,2.45,0.0,86.15,1.55
1000g,ACB,African Caribbean in Barbados (ACB),HG02014,5.94,0.0,7.79,3.55,0.0,1.47,0.0,0.48,0.0,0.11,80.66,0.0
1000g,ACB,African Caribbean in Barbados (ACB),HG02051,8.14,0.0,0.38,2.93,0.31,0.37,0.0,0.0,0.0,1.12,86.75,0.0
1000g,ACB,African Caribbean in Barbados (ACB),HG02052,8.21,0.0,2.01,0.48,1.29,0.0,1.83,0.0,0.0,0.0,86.16,0.0
1000g,ACB,African Caribbean in Barbados (ACB),HG02053,5.37,0.0,2.91,1.49,0.0,0.0,0.64,0.0,0.71,1.35,85.09,2.44
1000g,ACB,African Caribbean in Barbados (ACB),HG02054,4.96,0.0,6.58,6.59,1.66,0.0,0.0,0.0,0.0,0.0,78.29,1.93
1000g,ACB,African Caribbean in Barbados (ACB),HG02095,7.94,0.8,2.28,2.14,0.0,0.0,0.19,0.0,0.0,0.24,85.02,1.4
1000g,ACB,African Caribbean in Barbados (ACB),HG02107,6.03,0.0,1.3,0.0,0.26,0.0,0.0,0.0,1.52,0.33,87.75,2.8
1000g,ACB,African Caribbean in Barbados (ACB),HG02108,5.57,1.74,11.52,4.31,0.0,0.0,0.0,0.83,0.0,0.0,75.22,0.81
1000g,ACB,African Caribbean in Barbados (ACB),HG02111,5.36,0.0,4.01,1.82,0.0,0.0,0.0,0.0,0.0,0.0,85.05,3.76
1000g,ACB,African Caribbean in Barbados (ACB),HG02143,5.23,0.0,7.84,4.12,1.02,0.0,0.0,0.0,0.0,4.39,74.05,3.34
1000g,ACB,African Caribbean in Barbados (ACB),HG02144,5.84,2.15,0.42,3.26,0.0,0.0,0.0,0.0,0.07,2.04,84.84,1.38
1000g,ACB,African Caribbean in Barbados (ACB),HG02255,6.93,0.93,1.5,2.37,0.08,0.0,0.0,0.79,0.0,1.0,84.45,1.95
1000g,ACB,African Caribbean in Barbados (ACB),HG02256,4.63,4.12,10.34,4.31,0.0,2.87,0.0,0.0,0.0,0.0,70.16,3.56
1000g,ACB,African Caribbean in Barbados (ACB),HG02281,7.02,0.0,2.59,2.56,0.0,0.16,0.0,0.0,0.0,0.98,86.41,0.28
1000g,ACB,African Caribbean in Barbados (ACB),HG02282,5.32,0.0,10.05,5.08,0.0,0.0,0.0,0.81,0.0,0.76,72.7,5.28
1000g,ACB,African Caribbean in Barbados (ACB),HG02283,8.69,0.07,8.47,8.59,0.0,0.0,0.0,0.0,1.2,0.0,70.63,2.35
1000g,ACB,African Caribbean in Barbados (ACB),HG02284,5.6,0.58,5.15,2.01,0.21,0.0,2.31,0.0,1.31,0.77,76.86,5.2
1000g,ACB,African Caribbean in Barbados (ACB),HG02307,8.02,1.85,1.47,0.76,0.0,1.37,0.0,0.0,0.0,3.03,83.47,0.04
1000g,ACB,African Caribbean in Barbados (ACB),HG02308,8.47,0.9,1.77,4.11,0.0,0.0,0.32,0.3,0.0,0.34,79.53,4.26
1000g,ACB,African Caribbean in Barbados (ACB),HG02309,4.78,0.0,4.33,4.74,0.0,0.0,0.0,0.0,0.0,0.0,83.56,2.58
1000g,ACB,African Caribbean in Barbados (ACB),HG02314,4.6,0.32,4.18,2.5,0.0,0.0,0.24,0.0,0.0,0.65,86.29,1.23
1000g,ACB,African Caribbean in Barbados (ACB),HG02315,5.59,1.56,3.5,2.38,0.0,0.0,4.91,0.0,0.0,1.82,78.2,2.04
1000g,ACB,African Caribbean in Barbados (ACB),HG02317,6.27,0.0,1.61,1.96,0.0,0.0,0.43,0.0,0.0,1.6,86.15,1.98
1000g,ACB,African Caribbean in Barbados (ACB),HG02318,8.62,0.75,3.26,0.63,1.04,0.0,0.0,0.0,0.0,0.31,85.39,0.0
1000g,ACB,African Caribbean in Barbados (ACB),HG02322,5.81,0.0,6.7,0.0,0.0,1.52,0.0,0.76,2.1,0.0,79.76,3.35
1000g,ACB,African Caribbean in Barbados (ACB),HG02323,8.01,0.71,0.96,3.18,0.0,0.0,0.33,0.0,0.0,0.0,83.23,3.59
1000g,ACB,African Caribbean in Barbados (ACB),HG02325,7.21,0.0,3.71,0.0,0.0,0.0,0.0,0.0,0.0,1.14,87.94,0.0
1000g,ACB,African Caribbean in Barbados (ACB),HG02330,6.01,0.62,5.65,2.66,0.0,0.38,0.0,0.2,0.0,2.21,81.4,0.86
1000g,ACB,African Caribbean in Barbados (ACB),HG02332,3.74,1.47,3.69,1.71,0.0,0.0,1.56,0.0,0.74,0.0,84.61,2.49
1000g,ACB,African Caribbean in Barbados (ACB),HG02334,8.29,0.0,8.8,5.46,0.01,1.11,1.92,0.0,1.22,3.84,66.41,2.95
1000g,ACB,African Caribbean in Barbados (ACB),HG02337,7.3,0.0,5.81,3.22,1.38,0.0,0.0,1.6,0.0,0.0,77.87,2.82
1000g,ACB,African Caribbean in Barbados (ACB),HG02339,6.7,0.0,2.8,0.0,0.05,0.0,0.0,0.14,0.0,0.0,90.31,0.0
1000g,ACB,African Caribbean in Barbados (ACB),HG02343,5.81,2.2,7.64,5.37,0.0,0.0,1.83,0.0,0.83,0.0,70.05,6.27
1000g,ACB,African Caribbean in Barbados (ACB),HG02419,6.89,1.58,3.46,0.77,0.0,0.0,1.07,0.41,0.0,1.41,84.42,0.0
1000g,ACB,African Caribbean in Barbados (ACB),HG02420,2.75,0.0,16.41,13.23,0.48,4.09,1.2,0.91,0.54,0.0,51.35,9.04
1000g,ACB,African Caribbean in Barbados (ACB),HG02427,4.08,0.0,3.73,1.89,0.23,0.0,0.0,0.0,0.17,0.0,86.11,3.78
1000g,ACB,African Caribbean in Barbados (ACB),HG02429,5.5,1.02,8.47,1.84,0.0,0.0,0.0,0.0,0.0,0.41,82.22,0.55
1000g,ACB,African Caribbean in Barbados (ACB),HG02433,2.64,0.0,6.06,1.43,4.66,1.88,0.0,0.0,0.0,0.0,81.1,2.21
1000g,ACB,African Caribbean in Barbados (ACB),HG02439,6.35,0.0,4.32,0.56,0.06,0.0,0.27,0.3,0.0,2.37,85.77,0.0
1000g,ACB,African Caribbean in Barbados (ACB),HG02442,7.99,0.0,0.34,0.23,2.87,0.0,1.46,0.0,0.21,0.0,86.91,0.0
1000g,ACB,African Caribbean in Barbados (ACB),HG02445,2.97,0.0,7.46,1.86,0.0,0.0,0.0,0.64,0.17,4.99,78.76,3.15
1000g,ACB,African Caribbean in Barbados (ACB),HG02449,8.33,0.13,3.53,2.92,0.0,0.0,0.0,0.0,1.4,0.0,82.24,1.44
1000g,ACB,African Caribbean in Barbados (ACB),HG02450,6.39,0.0,2.93,3.38,0.16,0.0,0.0,0.0,2.75,0.0,83.9,0.48
1000g,ACB,African Caribbean in Barbados (ACB),HG02455,4.9,1.49,5.97,6.16,0.0,2.23,0.0,1.22,0.0,0.0,76.45,1.57
1000g,ACB,African Caribbean in Barbados (ACB),HG02470,8.19,1.47,2.75,2.78,1.0,0.0,0.0,0.0,0.0,1.41,81.18,1.21
1000g,ACB,African Caribbean in Barbados (ACB),HG02471,5.82,0.0,2.81,2.7,0.0,1.82,0.0,0.6,0.47,0.55,83.92,1.32
1000g,ACB,African Caribbean in Barbados (ACB),HG02476,9.8,0.26,7.16,3.23,0.0,0.0,0.0,0.6,0.0,0.0,74.81,4.14
1000g,ACB,African Caribbean in Barbados (ACB),HG02477,5.47,0.0,7.07,5.03,0.0,0.27,0.0,1.14,0.0,2.62,78.02,0.38
1000g,ACB,African Caribbean in Barbados (ACB),HG02479,7.36,0.0,7.52,2.62,0.0,0.0,1.04,0.0,0.0,0.0,81.07,0.4
1000g,ACB,African Caribbean in Barbados (ACB),HG02481,7.69,0.0,0.0,0.8,1.13,1.34,5.8,0.0,1.14,1.22,79.56,1.31
1000g,ACB,African Caribbean in Barbados (ACB),HG02484,4.78,0.0,5.49,1.87,0.0,0.13,1.94,0.0,0.0,3.29,82.5,0.0
1000g,ACB,African Caribbean in Barbados (ACB),HG02485,3.02,0.0,10.6,10.73,0.0,0.0,0.0,0.0,0.89,0.0,69.22,5.54
1000g,ACB,African Caribbean in Barbados (ACB),HG02489,4.48,0.0,4.6,2.12,2.05,1.75,2.06,0.15,0.86,0.0,81.05,0.89
1000g,ACB,African Caribbean in Barbados (ACB),HG02496,4.29,2.4,5.05,0.0,0.0,0.19,0.0,0.83,0.0,3.0,83.62,0.63
1000g,ACB,African Caribbean in Barbados (ACB),HG02497,5.57,0.19,3.24,0.0,0.0,0.67,1.61,0.91,0.57,0.0,85.63,1.61
1000g,ACB,African Caribbean in Barbados (ACB),HG02501,6.01,0.16,9.85,7.45,0.42,2.26,0.0,0.0,0.0,0.0,71.56,2.28
1000g,ACB,African Caribbean in Barbados (ACB),HG02502,6.75,0.0,9.47,5.87,1.93,0.0,0.0,0.0,0.0,0.0,72.77,3.22
1000g,ACB,African Caribbean in Barbados (ACB),HG02505,6.59,0.0,3.69,2.07,2.04,0.0,1.73,0.36,1.78,0.0,80.86,0.86
1000g,ACB,African Caribbean in Barbados (ACB),HG02508,6.95,0.0,3.86,1.57,2.03,0.0,1.65,1.57,0.0,0.0,82.37,0.0
1000g,ACB,African Caribbean in Barbados (ACB),HG02511,5.02,0.0,3.04,1.53,1.76,0.0,0.0,0.0,0.0,1.29,86.35,1.01
1000g,ACB,African Caribbean in Barbados (ACB),HG02536,5.34,0.0,5.39,6.09,0.0,0.62,2.85,1.09,0.0,0.0,74.09,4.53
1000g,ACB,African Caribbean in Barbados (ACB),HG02537,8.27,0.0,2.49,0.5,0.29,0.0,0.0,0.0,0.84,0.0,85.65,1.95
1000g,ACB,African Caribbean in Barbados (ACB),HG02541,5.54,1.68,10.17,7.04,0.0,0.0,0.63,0.12,0.0,0.0,72.05,2.76
1000g,ACB,African Caribbean in Barbados (ACB),HG02545,6.33,1.15,3.44,3.58,0.0,1.91,0.0,0.22,0.0,0.0,83.36,0.0
1000g,ACB,African Caribbean in Barbados (ACB),HG02546,5.75,0.0,3.87,2.91,0.51,0.0,1.2,1.28,0.0,0.0,84.48,0.0
1000g,ACB,African Caribbean in Barbados (ACB),HG02549,6.59,0.28,1.63,0.17,0.0,0.0,0.0,0.0,0.83,0.0,88.74,1.75
1000g,ACB,African Caribbean in Barbados (ACB),HG02554,6.64,0.06,2.33,2.08,2.12,1.24,4.18,0.52,0.0,0.0,79.02,1.82
1000g,ACB,African Caribbean in Barbados (ACB),HG02555,4.65,1.17,4.54,0.0,0.0,4.07,0.0,0.0,0.59,0.0,84.68,0.31
1000g,ACB,African Caribbean in Barbados (ACB),HG02557,7.26,1.31,3.27,2.59,0.0,0.0,0.0,0.01,0.0,0.0,84.99,0.57
1000g,ACB,African Caribbean in Barbados (ACB),HG02558,9.09,1.14,4.05,0.19,1.65,0.0,0.0,1.28,0.0,0.0,81.36,1.24
1000g,ACB,African Caribbean in Barbados (ACB),HG02577,7.46,0.0,10.14,7.91,0.0,0.1,0.0,0.0,0.52,0.0,70.68,3.19
1000g,ACB,African Caribbean in Barbados (ACB),HG02580,7.05,0.0,10.01,3.83,1.15,0.0,0.0,0.0,0.0,0.0,75.43,2.52
1000g,ASW,African Ancestry in SW USA (ASW),NA19625,4.66,17.39,4.97,2.56,1.12,4.22,0.0,1.39,1.9,0.0,60.72,1.07
1000g,ASW,African Ancestry in SW USA (ASW),NA19700,8.75,0.0,6.73,5.74,0.0,2.59,1.35,0.0,1.11,0.63,71.23,1.87
1000g,ASW,African Ancestry in SW USA (ASW),NA19701,3.1,3.98,5.17,2.59,0.0,0.0,3.09,0.0,0.0,3.63,74.86,3.58
1000g,ASW,African Ancestry in SW USA (ASW),NA19703,5.5,0.71,5.76,7.84,0.02,0.0,0.0,0.7,0.99,0.0,75.8,2.68
1000g,ASW,African Ancestry in SW USA (ASW),NA19704,7.69,1.34,9.24,3.37,0.0,0.0,1.15,0.0,0.35,0.86,73.85,2.15
1000g,ASW,African Ancestry in SW USA (ASW),NA19707,5.84,0.0,9.63,6.69,4.22,2.11,2.5,0.0,0.58,0.0,65.4,3.03
1000g,ASW,African Ancestry in SW USA (ASW),NA19711,8.27,0.0,1.69,4.95,1.18,1.31,2.68,0.0,0.0,0.12,78.18,1.62
1000g,ASW,African Ancestry in SW USA (ASW),NA19712,7.09,0.02,2.85,0.33,0.08,3.87,3.37,1.77,1.33,2.05,77.25,0.0
1000g,ASW,African Ancestry in SW USA (ASW),NA19713,3.79,0.0,12.97,5.76,0.0,3.06,0.0,0.0,0.71,0.0,68.49,5.22
1000g,ASW,African Ancestry in SW USA (ASW),NA19818,5.83,0.0,8.23,7.55,1.26,0.0,0.17,0.14,1.21,5.28,62.12,8.21
1000g,ASW,African Ancestry in SW USA (ASW),NA19819,5.23,0.0,11.3,11.49,0.48,0.0,0.0,1.01,0.0,0.0,64.41,6.08
1000g,ASW,African Ancestry in SW USA (ASW),NA19834,3.7,0.15,8.76,7.87,0.0,0.48,2.47,0.0,0.0,2.92,68.55,5.11
1000g,ASW,African Ancestry in SW USA (ASW),NA19835,5.83,1.26,3.91,8.18,1.0,0.0,2.26,0.21,0.0,1.35,73.11,2.88
1000g,ASW,African Ancestry in SW USA (ASW),NA19900,4.46,1.65,7.29,4.51,0.0,0.0,0.0,0.0,0.57,0.85,76.9,3.76
1000g,ASW,African Ancestry in SW USA (ASW),NA19901,3.66,3.14,3.65,0.0,0.66,1.69,1.1,1.03,0.91,0.02,84.13,0.0
1000g,ASW,African Ancestry in SW USA (ASW),NA19904,7.03,0.3,6.74,7.38,0.0,0.0,2.96,0.0,2.1,0.0,71.46,2.03
1000g,ASW,African Ancestry in SW USA (ASW),NA19908,6.72,0.0,6.47,3.49,0.49,0.0,0.81,0.12,0.0,0.0,78.99,2.9
1000g,ASW,African Ancestry in SW USA (ASW),NA19909,6.05,1.95,4.89,4.45,0.0,0.0,0.62,0.0,0.0,0.0,79.36,2.68
1000g,ASW,African Ancestry in SW USA (ASW),NA19913,6.17,3.53,4.01,3.9,1.6,1.24,1.35,0.0,0.0,1.55,75.21,1.44
1000g,ASW,African Ancestry in SW USA (ASW),NA19914,5.0,0.95,16.02,5.55,0.0,0.0,0.0,0.0,2.71,0.0,63.31,6.47
1000g,ASW,African Ancestry in SW USA (ASW),NA19916,7.31,0.0,2.16,3.65,0.0,0.97,0.0,0.0,0.99,3.0,79.19,2.73
1000g,ASW,African Ancestry in SW USA (ASW),NA19917,7.99,2.74,5.82,3.63,0.0,0.0,0.0,0.0,0.0,0.0,79.11,0.71
1000g,ASW,African Ancestry in SW USA (ASW),NA19920,4.13,0.0,3.48,0.32,1.84,2.65,1.93,0.0,0.0,0.11,84.43,1.11
1000g,ASW,African Ancestry in SW USA (ASW),NA19921,7.12,7.87,19.06,8.66,0.0,0.0,0.0,0.0,4.4,0.0,48.93,3.97
1000g,ASW,African Ancestry in SW USA (ASW),NA19922,5.0,2.39,13.14,10.37,0.0,0.0,0.6,0.0,0.0,0.0,63.0,5.51
1000g,ASW,African Ancestry in SW USA (ASW),NA19923,4.67,1.89,14.42,11.86,1.93,0.23,0.0,1.0,0.0,0.0,56.18,7.82
1000g,ASW,African Ancestry in SW USA (ASW),NA19982,7.29,1.66,5.88,3.16,0.73,0.0,0.68,0.0,0.0,0.0,77.29,3.31
1000g,ASW,African Ancestry in SW USA (ASW),NA19984,6.24,0.0,5.31,4.19,1.55,0.0,0.0,0.0,0.0,1.43,79.82,1.46
1000g,ASW,African Ancestry in SW USA (ASW),NA20126,8.82,1.27,10.83,10.57,0.3,2.91,0.0,0.51,2.47,0.0,57.03,5.29
1000g,ASW,African Ancestry in SW USA (ASW),NA20127,4.82,0.0,3.94,1.74,2.82,0.0,1.9,0.0,0.0,0.34,83.26,1.19
1000g,ASW,African Ancestry in SW USA (ASW),NA20274,0.82,38.16,7.13,8.46,0.0,4.74,0.0,0.89,5.19,1.88,27.98,4.75
1000g,ASW,African Ancestry in SW USA (ASW),NA20276,5.5,2.1,8.81,3.59,0.18,1.63,4.07,0.0,0.0,0.0,71.3,2.81
1000g,ASW,African Ancestry in SW USA (ASW),NA20278,4.22,0.0,17.08,14.07,0.82,5.31,0.27,0.46,1.54,0.0,41.58,14.65
1000g,ASW,African Ancestry in SW USA (ASW),NA20281,4.03,1.55,3.88,3.14,0.0,2.72,3.43,0.0,0.24,0.51,77.38,3.12
1000g,ASW,African Ancestry in SW USA (ASW),NA20282,6.38,0.0,10.05,7.77,3.19,2.66,1.03,0.0,0.0,0.0,65.07,3.86
1000g,ASW,African Ancestry in SW USA (ASW),NA20287,6.17,3.47,6.1,6.1,1.3,0.92,1.85,0.0,0.0,0.0,73.4,0.69
1000g,ASW,African Ancestry in SW USA (ASW),NA20289,5.68,1.23,11.59,4.09,0.0,0.0,0.0,0.33,0.02,0.87,71.11,5.09
1000g,ASW,African Ancestry in SW USA (ASW),NA20291,4.77,1.34,3.3,0.0,0.0,0.0,0.0,0.0,0.0,0.92,89.29,0.38
1000g,ASW,African Ancestry in SW USA (ASW),NA20294,7.92,0.35,5.43,8.37,0.0,0.0,1.51,0.0,0.0,0.08,75.33,1.01
1000g,ASW,African Ancestry in SW USA (ASW),NA20296,4.26,2.59,9.8,3.69,0.92,0.09,0.0,0.0,1.21,0.0,72.31,5.12
1000g,ASW,African Ancestry in SW USA (ASW),NA20298,5.66,1.79,2.49,2.92,2.82,0.0,0.0,0.0,0.0,0.0,83.78,0.54
1000g,ASW,African Ancestry in SW USA (ASW),NA20299,5.2,32.81,1.07,6.76,3.97,0.65,2.61,0.0,3.32,0.0,40.24,3.37
1000g,ASW,African Ancestry in SW USA (ASW),NA20314,1.11,48.61,9.74,13.68,4.8,0.0,2.51,3.26,7.7,2.2,0.0,6.38
1000g,ASW,African Ancestry in SW USA (ASW),NA20317,4.88,0.0,14.78,8.92,0.0,2.21,0.0,0.0,0.0,0.0,63.38,5.82
1000g,ASW,African Ancestry in SW USA (ASW),NA20318,4.52,3.13,8.69,6.91,0.04,5.27,0.0,0.0,0.0,0.0,65.73,5.71
1000g,ASW,African Ancestry in SW USA (ASW),NA20320,5.72,2.38,0.28,1.94,0.75,0.0,4.46,0.97,0.0,0.0,80.25,3.26
1000g,ASW,African Ancestry in SW USA (ASW),NA20321,6.38,1.34,6.95,4.53,0.96,0.33,3.91,0.58,0.0,1.48,69.94,3.61
1000g,ASW,African Ancestry in SW USA (ASW),NA20332,4.44,0.13,8.73,5.97,1.86,0.25,1.56,2.07,0.0,0.11,70.95,3.92
1000g,ASW,African Ancestry in SW USA (ASW),NA20334,3.24,1.0,12.23,12.37,0.0,3.85,0.0,0.0,0.0,0.0,60.42,6.89
1000g,ASW,African Ancestry in SW USA (ASW),NA20339,3.89,0.79,2.52,3.78,0.0,1.91,1.57,1.74,0.0,0.0,82.02,1.79
1000g,ASW,African Ancestry in SW USA (ASW),NA20340,5.98,0.03,4.46,4.67,2.11,0.78,0.0,0.48,0.0,0.0,77.58,3.91
1000g,ASW,African Ancestry in SW USA (ASW),NA20342,1.41,1.11,14.22,9.14,2.08,4.18,4.82,0.0,0.0,0.0,57.33,5.71
1000g,ASW,African Ancestry in SW USA (ASW),NA20346,3.72,0.83,3.63,7.48,0.0,0.0,2.02,1.85,0.0,0.0,76.4,4.06
1000g,ASW,African Ancestry in SW USA (ASW),NA20348,4.71,1.49,10.42,2.64,0.22,0.0,0.0,0.0,0.0,1.54,77.38,1.61
1000g,ASW,African Ancestry in SW USA (ASW),NA20351,4.68,0.39,11.96,10.26,0.0,3.07,1.44,0.0,0.04,1.1,61.9,5.16
1000g,ASW,African Ancestry in SW USA (ASW),NA20355,4.43,0.37,7.94,7.98,0.3,0.0,0.72,0.0,0.0,1.23,75.03,2.0
1000g,ASW,African Ancestry in SW USA (ASW),NA20356,9.0,1.35,8.67,0.0,0.0,0.0,0.0,0.0,1.67,0.29,76.31,2.7
1000g,ASW,African Ancestry in SW USA (ASW),NA20357,7.52,0.99,5.58,3.21,0.0,0.0,0.0,2.93,0.0,0.7,78.77,0.32
1000g,ASW,African Ancestry in SW USA (ASW),NA20359,5.9,0.0,9.37,8.44,0.91,0.0,1.27,0.0,0.0,0.74,67.64,5.74
1000g,ASW,African Ancestry in SW USA (ASW),NA20362,5.29,0.12,10.76,7.67,0.46,0.0,0.0,0.5,0.0,0.0,70.49,4.7
1000g,ASW,African Ancestry in SW USA (ASW),NA20412,4.81,2.99,5.05,6.64,2.21,0.0,2.32,0.0,1.29,0.89,69.43,4.38
1000g,BEB,Bengali in Bangladesh (BEB),HG03006,0.0,0.38,2.15,9.9,10.7,14.86,0.0,0.85,0.0,59.13,0.0,2.03
1000g,BEB,Bengali in Bangladesh (BEB),HG03007,0.0,2.21,0.57,5.09,4.79,18.39,0.91,0.0,3.19,61.08,0.0,3.76
1000g,BEB,Bengali in Bangladesh (BEB),HG03009,0.0,0.67,4.73,8.67,5.73,21.18,0.0,1.98,1.72,54.36,0.0,0.96
1000g,BEB,Bengali in Bangladesh (BEB),HG03012,0.0,1.61,3.51,6.3,4.68,17.85,2.72,0.09,3.87,57.01,0.87,1.49
1000g,BEB,Bengali in Bangladesh (BEB),HG03585,0.0,0.0,3.47,1.96,11.09,18.67,3.77,0.4,2.41,57.39,0.38,0.46
1000g,BEB,Bengali in Bangladesh (BEB),HG03589,0.0,0.51,2.29,3.25,5.67,22.27,0.0,0.92,5.19,57.47,0.0,2.41
1000g,BEB,Bengali in Bangladesh (BEB),HG03593,0.0,0.0,2.77,7.15,8.61,18.11,5.54,0.61,2.63,52.61,0.0,1.97
1000g,BEB,Bengali in Bangladesh (BEB),HG03594,1.98,1.75,2.45,4.32,2.72,17.12,5.24,1.35,4.75,55.37,0.0,2.96
1000g,BEB,Bengali in Bangladesh (BEB),HG03595,0.09,1.39,7.11,6.07,14.48,17.28,0.0,0.53,0.0,51.66,0.98,0.4
1000g,BEB,Bengali in Bangladesh (BEB),HG03598,0.0,2.62,0.0,6.38,7.2,14.96,4.62,2.44,3.9,56.49,0.0,1.4
1000g,BEB,Bengali in Bangladesh (BEB),HG03600,0.18,0.0,0.0,3.65,0.51,19.36,2.31,1.17,1.54,69.55,0.59,1.14
1000g,BEB,Bengali in Bangladesh (BEB),HG03603,0.41,1.71,3.15,6.69,10.84,15.72,0.34,2.6,0.0,58.42,0.0,0.11
1000g,BEB,Bengali in Bangladesh (BEB),HG03604,0.0,0.0,0.0,3.9,11.69,21.72,0.0,3.1,0.14,55.96,0.31,3.16
1000g,BEB,Bengali in Bangladesh (BEB),HG03607,0.0,1.1,2.82,5.0,10.03,19.9,0.0,2.37,1.15,56.02,0.0,1.6
1000g,BEB,Bengali in Bangladesh (BEB),HG03611,1.37,3.13,4.27,3.87,7.53,18.05,0.0,0.01,1.64,56.88,0.44,2.82
1000g,BEB,Bengali in Bangladesh (BEB),HG03615,1.5,1.77,4.71,6.88,4.52,16.49,0.89,3.26,2.11,56.09,0.09,1.69
1000g,BEB,Bengali in Bangladesh (BEB),HG03616,0.62,0.95,5.36,2.96,10.8,21.43,1.37,0.67,3.06,49.69,0.0,3.09
1000g,BEB,Bengali in Bangladesh (BEB),HG03793,0.0,0.74,5.72,5.52,0.83,13.04,0.0,0.47,3.61,66.92,0.72,2.43
1000g,BEB,Bengali in Bangladesh (BEB),HG03796,0.0,0.37,1.35,5.27,14.66,14.01,4.73,1.23,0.93,53.44,1.25,2.77
1000g,BEB,Bengali in Bangladesh (BEB),HG03800,0.34,3.07,3.32,0.92,10.94,18.01,0.0,3.31,3.16,56.76,0.17,0.0
1000g,BEB,Bengali in Bangladesh (BEB),HG03802,0.0,1.15,4.44,2.14,10.73,17.64,0.77,0.28,0.0,59.7,0.0,3.16
1000g,BEB,Bengali in Bangladesh (BEB),HG03803,0.56,0.0,5.5,9.11,9.95,16.22,0.0,2.27,1.49,52.86,0.0,2.04
1000g,BEB,Bengali in Bangladesh (BEB),HG03805,0.0,1.79,0.0,4.91,10.52,21.61,1.59,1.79,0.83,53.97,1.18,1.82
1000g,BEB,Bengali in Bangladesh (BEB),HG03808,0.0,4.92,0.31,3.43,13.86,23.12,0.0,1.95,0.0,50.51,0.0,1.89
1000g,BEB,Bengali in Bangladesh (BEB),HG03809,0.0,1.63,1.82,4.03,8.51,14.76,2.31,1.21,2.81,59.89,0.0,3.04
1000g,BEB,Bengali in Bangladesh (BEB),HG03812,0.0,2.79,3.92,8.24,10.63,16.07,0.3,0.9,0.0,54.77,1.38,1.0
1000g,BEB,Bengali in Bangladesh (BEB),HG03814,0.78,0.0,0.65,7.93,13.86,19.44,0.0,1.35,1.13,52.84,0.47,1.55
1000g,BEB,Bengali in Bangladesh (BEB),HG03815,1.66,4.39,1.84,6.7,10.09,18.22,0.0,0.0,0.02,53.79,0.69,2.6
1000g,BEB,Bengali in Bangladesh (BEB),HG03817,0.0,2.21,2.5,8.35,12.91,14.74,1.77,0.0,0.11,55.82,0.0,1.58
1000g,BEB,Bengali in Bangladesh (BEB),HG03821,0.44,3.56,4.1,3.73,9.19,20.51,2.29,1.4,0.0,54.61,0.0,0.17
1000g,BEB,Bengali in Bangladesh (BEB),HG03823,0.0,0.31,0.65,5.61,11.0,18.03,0.0,1.68,2.75,57.66,0.0,2.29
1000g,BEB,Bengali in Bangladesh (BEB),HG03824,0.0,0.72,0.49,5.57,13.92,14.25,3.47,2.25,0.66,55.69,0.25,2.73
1000g,BEB,Bengali in Bangladesh (BEB),HG03826,0.0,0.42,2.68,5.82,9.56,15.04,2.14,0.0,4.28,54.85,1.12,4.07
1000g,BEB,Bengali in Bangladesh (BEB),HG03829,2.85,0.66,3.4,2.42,11.55,16.56,0.0,2.97,1.11,56.92,0.0,1.56
1000g,BEB,Bengali in Bangladesh (BEB),HG03830,0.49,2.29,1.86,2.75,11.25,19.89,0.0,1.19,2.54,54.6,0.0,3.13
1000g,BEB,Bengali in Bangladesh (BEB),HG03832,0.6,0.0,1.68,7.33,15.03,15.57,0.0,3.72,0.69,55.38,0.0,0.0
1000g,BEB,Bengali in Bangladesh (BEB),HG03833,0.07,4.25,3.5,4.89,6.45,14.7,1.2,2.29,0.0,61.45,0.0,1.2
1000g,BEB,Bengali in Bangladesh (BEB),HG03902,0.0,0.32,3.8,4.18,10.49,19.42,1.79,0.0,1.87,52.79,0.31,5.04
1000g,BEB,Bengali in Bangladesh (BEB),HG03905,0.0,1.3,3.49,10.09,13.38,15.51,0.0,0.0,0.29,54.94,0.0,1.0
1000g,BEB,Bengali in Bangladesh (BEB),HG03907,0.0,1.13,1.14,6.1,6.28,19.38,2.38,2.57,2.78,57.04,0.0,1.19
1000g,BEB,Bengali in Bangladesh (BEB),HG03908,0.65,1.27,0.0,4.19,6.05,22.57,2.68,1.84,2.18,57.92,0.0,0.66
1000g,BEB,Bengali in Bangladesh (BEB),HG03910,0.1,0.0,5.88,7.3,13.94,17.31,0.0,0.97,0.77,53.56,0.0,0.17
1000g,BEB,Bengali in Bangladesh (BEB),HG03911,1.28,1.1,0.0,6.57,5.35,15.55,1.21,1.55,3.66,60.09,0.0,3.63
1000g,BEB,Bengali in Bangladesh (BEB),HG03913,0.9,1.51,1.9,4.83,8.68,19.22,1.67,1.15,2.47,56.64,0.0,1.02
1000g,BEB,Bengali in Bangladesh (BEB),HG03914,0.0,2.15,0.68,3.58,11.62,18.7,0.3,1.74,0.86,57.77,0.0,2.6
1000g,BEB,Bengali in Bangladesh (BEB),HG03916,0.0,3.52,4.82,4.74,13.26,15.92,0.15,0.26,0.7,56.63,0.0,0.0
1000g,BEB,Bengali in Bangladesh (BEB),HG03917,0.0,0.0,2.52,4.55,11.38,17.15,3.21,1.93,0.0,56.85,0.0,2.41
1000g,BEB,Bengali in Bangladesh (BEB),HG03919,0.0,1.71,4.96,4.56,1.32,22.04,0.0,1.83,0.0,58.99,0.34,4.25
1000g,BEB,Bengali in Bangladesh (BEB),HG03920,0.0,4.49,4.24,5.85,8.2,16.31,0.0,0.46,0.0,57.98,0.0,2.48
1000g,BEB,Bengali in Bangladesh (BEB),HG03922,0.0,4.88,1.89,5.22,11.28,17.47,2.45,1.87,0.0,52.97,0.0,1.98
1000g,BEB,Bengali in Bangladesh (BEB),HG03925,0.3,0.02,3.36,11.57,5.01,12.86,0.0,0.0,4.32,61.63,0.44,0.48
1000g,BEB,Bengali in Bangladesh (BEB),HG03926,0.0,1.5,3.05,3.98,15.15,16.27,3.08,2.76,0.0,51.66,1.96,0.58
1000g,BEB,Bengali in Bangladesh (BEB),HG03928,0.0,0.97,0.0,5.0,14.82,19.0,0.0,0.0,0.0,56.69,0.04,3.48
1000g,BEB,Bengali in Bangladesh (BEB),HG03931,0.0,0.35,4.47,8.89,10.37,11.39,0.09,2.35,2.88,54.35,0.0,4.86
1000g,BEB,Bengali in Bangladesh (BEB),HG03934,0.0,2.15,1.78,5.09,6.74,22.11,0.12,1.02,1.05,59.66,0.28,0.0
1000g,BEB,Bengali in Bangladesh (BEB),HG03937,0.0,0.12,2.97,8.91,8.95,13.58,0.0,2.37,0.0,61.64,0.0,1.45
1000g,BEB,Bengali in Bangladesh (BEB),HG03940,1.26,0.0,0.8,3.62,1.16,15.29,3.25,0.77,0.0,73.19,0.0,0.67
1000g,BEB,Bengali in Bangladesh (BEB),HG03941,0.0,0.55,0.0,8.17,0.0,12.72,0.98,0.0,4.42,71.56,0.0,1.6
1000g,BEB,Bengali in Bangladesh (BEB),HG04131,0.0,1.1,0.0,5.13,15.64,19.11,2.38,0.0,0.0,53.8,0.0,2.85
1000g,BEB,Bengali in Bangladesh (BEB),HG04134,0.0,0.0,5.04,5.16,11.71,17.95,3.71,2.01,2.79,49.55,0.0,2.09
1000g,BEB,Bengali in Bangladesh (BEB),HG04140,0.0,0.0,1.5,4.74,14.42,16.85,2.2,2.37,1.15,56.76,0.0,0.0
1000g,BEB,Bengali in Bangladesh (BEB),HG04141,0.0,2.54,2.59,7.4,10.81,12.57,1.85,1.49,0.18,58.78,0.0,1.8
1000g,BEB,Bengali in Bangladesh (BEB),HG04144,0.0,3.38,3.15,2.53,8.13,25.93,0.5,0.7,0.0,54.52,0.0,1.17
1000g,BEB,Bengali in Bangladesh (BEB),HG04146,0.0,6.09,4.03,5.15,7.64,17.67,0.0,0.09,0.0,56.26,0.0,3.07
1000g,BEB,Bengali in Bangladesh (BEB),HG04152,0.0,1.76,0.0,7.96,13.23,16.94,5.53,0.0,0.0,52.32,1.08,1.18
1000g,BEB,Bengali in Bangladesh (BEB),HG04153,0.22,0.0,0.0,5.71,9.96,18.57,2.26,3.08,0.53,55.25,0.0,4.41
1000g,BEB,Bengali in Bangladesh (BEB),HG04155,0.15,2.57,3.89,5.45,10.66,15.81,2.77,0.0,0.0,57.32,0.64,0.73
1000g,BEB,Bengali in Bangladesh (BEB),HG04156,0.0,0.0,0.0,8.19,6.15,16.3,4.48,2.67,5.18,54.72,0.0,2.32
1000g,BEB,Bengali in Bangladesh (BEB),HG04158,1.93,1.17,3.07,3.98,12.96,21.8,0.09,0.0,0.0,53.6,0.0,1.39
1000g,BEB,Bengali in Bangladesh (BEB),HG04159,0.12,5.16,1.98,6.15,8.49,18.24,0.0,0.64,1.7,53.59,0.0,3.93
1000g,BEB,Bengali in Bangladesh (BEB),HG04161,0.0,3.8,1.19,5.26,11.87,12.84,2.15,0.0,0.14,61.04,0.94,0.78
1000g,BEB,Bengali in Bangladesh (BEB),HG04162,0.0,0.0,3.76,7.95,9.88,10.74,0.0,1.2,4.58,57.05,0.0,4.85
1000g,BEB,Bengali in Bangladesh (BEB),HG04164,0.35,3.54,1.07,8.42,6.06,19.16,0.0,0.89,0.0,55.76,2.26,2.5
1000g,BEB,Bengali in Bangladesh (BEB),HG04171,0.0,4.37,2.76,7.29,6.17,15.55,0.82,1.41,4.41,55.23,2.0,0.0
1000g,BEB,Bengali in Bangladesh (BEB),HG04173,0.71,1.66,2.24,5.62,7.97,19.36,0.0,0.0,0.0,60.58,0.0,1.87
1000g,BEB,Bengali in Bangladesh (BEB),HG04176,0.0,2.97,1.54,9.67,3.47,11.43,3.2,1.68,3.65,57.0,0.0,5.39
1000g,BEB,Bengali in Bangladesh (BEB),HG04177,1.24,0.48,3.77,4.58,6.4,21.17,0.0,0.0,5.74,54.41,0.0,2.21
1000g,BEB,Bengali in Bangladesh (BEB),HG04180,0.0,0.17,0.0,6.31,11.67,16.36,2.57,1.54,0.0,59.69,0.0,1.69
1000g,BEB,Bengali in Bangladesh (BEB),HG04182,0.0,3.06,0.72,4.01,7.99,20.97,0.0,0.0,0.0,59.7,0.0,3.55
1000g,BEB,Bengali in Bangladesh (BEB),HG04183,0.0,1.8,2.37,0.45,8.98,25.66,0.0,5.99,2.46,52.29,0.0,0.0
1000g,BEB,Bengali in Bangladesh (BEB),HG04185,0.0,0.0,2.85,3.73,0.63,12.51,3.32,0.0,3.89,70.35,0.03,2.69
1000g,BEB,Bengali in Bangladesh (BEB),HG04186,0.0,5.08,0.0,4.43,0.0,16.38,0.0,1.11,0.0,70.88,0.0,2.12
1000g,BEB,Bengali in Bangladesh (BEB),HG04188,0.0,2.74,0.0,2.96,7.04,17.17,4.25,2.93,4.57,56.18,0.0,2.16
1000g,BEB,Bengali in Bangladesh (BEB),HG04189,0.0,0.46,0.0,5.71,8.38,17.92,1.03,0.64,3.48,57.37,0.61,4.4
1000g,BEB,Bengali in Bangladesh (BEB),HG04194,0.0,0.0,3.74,9.56,8.16,14.91,0.0,0.0,0.0,60.38,0.74,2.53
1000g,BEB,Bengali in Bangladesh (BEB),HG04195,0.0,1.74,3.1,3.53,9.7,19.99,1.85,0.0,2.99,54.63,1.19,1.29
1000g,CDX,"Chinese Dai in Xishuangbanna, China (CDX)",HG00759,0.0,0.87,0.0,0.0,93.36,0.0,0.0,2.06,0.0,3.0,0.0,0.71
1000g,CDX,"Chinese Dai in Xishuangbanna, China (CDX)",HG00766,0.0,0.0,0.0,0.0,94.31,0.0,0.0,0.66,1.69,3.34,0.0,0.0
1000g,CDX,"Chinese Dai in Xishuangbanna, China (CDX)",HG00844,0.0,0.39,1.16,0.0,92.16,0.0,0.0,1.07,0.74,4.34,0.0,0.14
1000g,CDX,"Chinese Dai in Xishuangbanna, China (CDX)",HG00851,0.0,0.64,0.0,0.0,93.27,0.0,0.0,1.15,2.17,2.78,0.0,0.0
1000g,CDX,"Chinese Dai in Xishuangbanna, China (CDX)",HG00864,0.0,0.0,0.0,0.0,92.61,0.0,0.09,3.57,0.0,3.73,0.0,0.0
1000g,CDX,"Chinese Dai in Xishuangbanna, China (CDX)",HG00867,0.0,0.0,0.0,0.29,96.02,0.0,0.0,0.72,1.19,1.73,0.0,0.04
1000g,CDX,"Chinese Dai in Xishuangbanna, China (CDX)",HG00879,0.0,0.0,0.0,0.0,94.24,0.0,0.0,1.17,1.39,3.2,0.0,0.0
1000g,CDX,"Chinese Dai in Xishuangbanna, China (CDX)",HG00881,0.09,0.0,0.0,0.0,92.12,0.22,0.0,0.0,2.71,3.67,0.0,1.21
1000g,CDX,"Chinese Dai in Xishuangbanna, China (CDX)",HG00956,0.0,1.89,0.15,1.01,89.76,0.0,0.13,0.99,0.0,5.89,0.0,0.18
1000g,CDX,"Chinese Dai in Xishuangbanna, China (CDX)",HG00978,0.55,0.0,0.0,0.0,91.78,0.0,0.0,2.63,0.96,3.75,0.0,0.32
1000g,CDX,"Chinese Dai in Xishuangbanna, China (CDX)",HG00982,0.0,0.0,0.0,0.0,95.31,0.0,1.41,1.09,0.0,2.18,0.0,0.0
1000g,CDX,"Chinese Dai in Xishuangbanna, China (CDX)",HG01028,0.0,0.41,0.0,0.0,93.84,0.0,0.0,2.11,0.3,3.34,0.0,0.0
1000g,CDX,"Chinese Dai in Xishuangbanna, China (CDX)",HG01029,0.0,0.35,0.53,0.0,94.66,0.0,0.0,2.52,0.0,1.94,0.0,0.0
1000g,CDX,"Chinese Dai in Xishuangbanna, China (CDX)",HG01031,0.0,0.0,0.0,0.0,91.61,0.0,0.0,2.75,0.0,5.64,0.0,0.0
1000g,CDX,"Chinese Dai in Xishuangbanna, China (CDX)",HG01046,0.64,0.29,0.0,0.0,95.03,0.28,0.0,1.46,0.0,2.31,0.0,0.0
1000g,CDX,"Chinese Dai in Xishuangbanna, China (CDX)",HG01794,0.0,0.76,0.0,0.0,93.05,0.0,0.0,1.8,0.0,4.4,0.0,0.0
1000g,CDX,"Chinese Dai in Xishuangbanna, China (CDX)",HG01795,0.0,0.0,0.0,0.0,94.48,0.0,0.0,1.48,0.0,4.04,0.0,0.0
1000g,CDX,"Chinese Dai in Xishuangbanna, China (CDX)",HG01796,0.0,0.0,0.0,0.0,92.99,0.0,0.0,0.15,0.59,6.28,0.0,0.0
1000g,CDX,"Chinese Dai in Xishuangbanna, China (CDX)",HG01797,0.0,4.06,0.0,0.0,90.29,0.0,0.0,0.97,0.31,4.36,0.0,0.0
1000g,CDX,"Chinese Dai in Xishuangbanna, China (CDX)",HG01798,0.0,0.95,0.0,0.0,89.19,0.8,0.0,2.39,6.66,0.0,0.0,0.0
1000g,CDX,"Chinese Dai in Xishuangbanna, China (CDX)",HG01799,0.0,0.0,0.0,0.0,93.87,0.0,0.0,2.47,0.0,3.66,0.0,0.0
1000g,CDX,"Chinese Dai in Xishuangbanna, China (CDX)",HG01800,0.0,0.0,0.41,0.0,94.19,0.0,0.0,1.81,2.35,1.23,0.0,0.0
1000g,CDX,"Chinese Dai in Xishuangbanna, China (CDX)",HG01801,0.95,0.0,0.0,0.0,95.54,0.0,0.0,0.5,0.0,3.01,0.0,0.0
1000g,CDX,"Chinese Dai in Xishuangbanna, China (CDX)",HG01802,0.0,0.0,0.0,0.0,94.19,0.0,0.0,2.65,0.0,3.16,0.0,0.0
1000g,CDX,"Chinese Dai in Xishuangbanna, China (CDX)",HG01804,0.46,0.0,0.0,0.45,93.08,0.0,0.0,3.69,0.0,2.14,0.0,0.19
1000g,CDX,"Chinese Dai in Xishuangbanna, China (CDX)",HG01805,0.0,0.0,0.0,0.87,93.15,0.0,0.0,1.04,2.04,2.9,0.0,0.0
1000g,CDX,"Chinese Dai in Xishuangbanna, China (CDX)",HG01806,0.0,0.37,0.0,0.0,93.23,0.0,0.0,2.12,0.65,3.63,0.0,0.0
1000g,CDX,"Chinese Dai in Xishuangbanna, China (CDX)",HG01807,0.0,1.2,0.0,0.3,93.28,0.0,0.68,2.56,0.0,1.98,0.0,0.0
1000g,CDX,"Chinese Dai in Xishuangbanna, China (CDX)",HG01808,0.0,0.97,0.0,0.0,95.5,0.0,0.0,2.4,0.0,1.14,0.0,0.0
1000g,CDX,"Chinese Dai in Xishuangbanna, China (CDX)",HG01809,0.0,0.25,0.0,0.0,94.47,0.0,0.0,0.24,0.0,5.04,0.0,0.0
1000g,CDX,"Chinese Dai in Xishuangbanna, China (CDX)",HG01810,0.0,0.69,0.0,0.52,91.02,0.0,0.0,0.0,2.64,5.13,0.0,0.0
1000g,CDX,"Chinese Dai in Xishuangbanna, China (CDX)",HG01811,0.0,0.0,0.0,0.0,97.11,0.0,0.0,0.0,0.12,2.56,0.0,0.21
1000g,CDX,"Chinese Dai in Xishuangbanna, China (CDX)",HG01812,0.0,1.68,0.0,0.85,92.53,0.0,0.0,0.72,0.39,3.83,0.0,0.0
1000g,CDX,"Chinese Dai in Xishuangbanna, China (CDX)",HG01813,0.06,0.36,0.0,0.31,92.92,0.5,0.0,1.29,0.0,4.56,0.0,0.0
1000g,CDX,"Chinese Dai in Xishuangbanna, China (CDX)",HG01815,0.0,0.0,0.0,0.0,90.83,0.0,0.12,1.31,4.02,3.7,0.0,0.0
1000g,CDX,"Chinese Dai in Xishuangbanna, China (CDX)",HG01816,0.0,0.0,0.0,0.0,93.97,0.0,0.0,2.52,0.0,3.51,0.0,0.0
1000g,CDX,"Chinese Dai in Xishuangbanna, China (CDX)",HG01817,0.0,0.0,0.0,0.0,92.78,0.0,0.0,0.83,0.0,6.38,0.0,0.0
1000g,CDX,"Chinese Dai in Xishuangbanna, China (CDX)",HG02151,0.0,0.0,0.0,0.0,92.92,0.0,0.0,1.85,0.0,4.74,0.0,0.49
1000g,CDX,"Chinese Dai in Xishuangbanna, China (CDX)",HG02152,0.0,0.35,0.0,0.0,93.88,0.0,0.0,1.36,0.0,3.53,0.87,0.0
1000g,CDX,"Chinese Dai in Xishuangbanna, China (CDX)",HG02153,0.0,0.3,0.0,0.0,87.8,0.0,0.0,3.26,1.31,7.33,0.0,0.0
1000g,CDX,"Chinese Dai in Xishuangbanna, China (CDX)",HG02154,0.0,0.0,0.0,0.0,91.55,0.0,0.0,2.08,4.42,1.96,0.0,0.0
1000g,CDX,"Chinese Dai in Xishuangbanna, China (CDX)",HG02155,0.0,0.0,0.0,0.0,94.68,0.0,0.0,1.85,0.0,3.48,0.0,0.0
1000g,CDX,"Chinese Dai in Xishuangbanna, China (CDX)",HG02156,0.0,0.0,0.0,1.22,92.16,0.0,0.8,1.41,0.0,4.07,0.0,0.34
1000g,CDX,"Chinese Dai in Xishuangbanna, China (CDX)",HG02164,0.0,0.0,0.0,0.0,90.72,0.0,1.4,0.0,2.34,5.54,0.0,0.0
1000g,CDX,"Chinese Dai in Xishuangbanna, China (CDX)",HG02165,0.0,0.18,0.0,0.0,93.78,0.0,0.53,0.46,0.85,4.21,0.0,0.0
1000g,CDX,"Chinese Dai in Xishuangbanna, China (CDX)",HG02166,0.06,0.87,0.0,0.0,94.92,0.0,0.0,2.75,0.0,0.71,0.0,0.68
1000g,CDX,"Chinese Dai in Xishuangbanna, China (CDX)",HG02178,0.0,0.0,0.0,0.0,96.27,0.0,0.0,2.81,0.0,0.0,0.0,0.92
1000g,CDX,"Chinese Dai in Xishuangbanna, China (CDX)",HG02179,0.0,2.16,0.86,0.0,92.28,0.0,0.0,0.12,0.0,4.58,0.0,0.0
1000g,CDX,"Chinese Dai in Xishuangbanna, China (CDX)",HG02180,0.4,0.0,0.0,0.0,95.7,0.0,0.0,1.79,0.0,1.45,0.66,0.0
1000g,CDX,"Chinese Dai in Xishuangbanna, China (CDX)",HG02181,0.0,0.0,0.0,0.0,91.58,0.0,0.0,0.71,0.0,7.71,0.0,0.0
1000g,CDX,"Chinese Dai in Xishuangbanna, China (CDX)",HG02182,0.0,0.0,0.0,1.52,93.37,0.0,0.0,2.2,0.0,2.91,0.0,0.0
1000g,CDX,"Chinese Dai in Xishuangbanna, China (CDX)",HG02184,0.0,0.0,0.0,0.0,99.8,0.0,0.0,0.0,0.0,0.2,0.0,0.0
1000g,CDX,"Chinese Dai in Xishuangbanna, China (CDX)",HG02185,0.0,0.0,0.0,0.0,92.86,0.0,0.0,0.78,2.25,4.11,0.0,0.0
1000g,CDX,"Chinese Dai in Xishuangbanna, China (CDX)",HG02186,0.34,0.99,0.52,0.0,93.16,0.0,0.0,0.99,0.0,4.0,0.0,0.0
1000g,CDX,"Chinese Dai in Xishuangbanna, China (CDX)",HG02187,0.0,3.25,0.0,0.63,89.49,0.0,0.0,0.0,0.0,6.63,0.0,0.0
1000g,CDX,"Chinese Dai in Xishuangbanna, China (CDX)",HG02188,0.0,1.47,0.0,0.0,95.9,0.0,0.0,0.0,0.0,2.64,0.0,0.0
1000g,CDX,"Chinese Dai in Xishuangbanna, China (CDX)",HG02190,0.0,0.0,0.0,0.0,95.69,0.0,0.0,1.79,0.0,2.52,0.0,0.0
1000g,CDX,"Chinese Dai in Xishuangbanna, China (CDX)",HG02250,0.0,0.0,0.0,0.0,91.78,0.0,0.0,1.28,0.33,6.09,0.52,0.0
1000g,CDX,"Chinese Dai in Xishuangbanna, China (CDX)",HG02351,0.22,0.0,0.0,0.87,93.9,0.0,0.0,1.29,0.0,3.43,0.0,0.29
1000g,CDX,"Chinese Dai in Xishuangbanna, China (CDX)",HG02353,0.68,0.99,0.0,0.0,91.28,0.0,0.0,1.68,0.0,5.36,0.0,0.0
1000g,CDX,"Chinese Dai in Xishuangbanna, China (CDX)",HG02355,0.0,0.0,0.01,0.0,91.58,0.0,0.0,0.4,1.76,6.26,0.0,0.0
1000g,CDX,"Chinese Dai in Xishuangbanna, China (CDX)",HG02356,0.0,0.0,0.0,0.0,96.39,0.0,0.0,0.89,2.71,0.0,0.0,0.0
1000g,CDX,"Chinese Dai in Xishuangbanna, China (CDX)",HG02360,0.0,1.1,0.0,0.0,92.75,0.0,0.49,0.0,1.54,4.11,0.0,0.0
1000g,CDX,"Chinese Dai in Xishuangbanna, China (CDX)",HG02364,0.5,0.0,0.0,0.0,92.77,0.0,0.0,1.62,0.04,5.07,0.0,0.0
1000g,CDX,"Chinese Dai in Xishuangbanna, China (CDX)",HG02367,0.0,0.85,0.0,0.0,88.27,0.0,0.0,1.02,1.12,8.74,0.0,0.0
1000g,CDX,"Chinese Dai in Xishuangbanna, China (CDX)",HG02371,0.0,0.54,0.0,0.0,93.86,0.0,0.0,0.04,0.01,5.48,0.0,0.07
1000g,CDX,"Chinese Dai in Xishuangbanna, China (CDX)",HG02373,0.35,0.0,0.0,0.0,92.86,0.0,0.0,0.57,1.88,4.34,0.0,0.0
1000g,CDX,"Chinese Dai in Xishuangbanna, China (CDX)",HG02374,0.0,0.0,0.0,0.0,92.26,0.22,0.0,0.0,0.0,7.52,0.0,0.0
1000g,CDX,"Chinese Dai in Xishuangbanna, China (CDX)",HG02375,0.0,0.0,0.0,0.3,94.77,0.0,0.0,0.0,0.0,4.35,0.58,0.0
1000g,CDX,"Chinese Dai in Xishuangbanna, China (CDX)",HG02379,0.67,1.41,0.0,0.0,91.64,0.0,0.0,2.42,0.0,2.37,0.0,1.49
1000g,CDX,"Chinese Dai in Xishuangbanna, China (CDX)",HG02380,0.0,0.0,0.0,0.0,95.15,0.0,0.0,2.79,0.0,2.06,0.0,0.0
1000g,CDX,"Chinese Dai in Xishuangbanna, China (CDX)",HG02382,0.0,0.0,0.0,0.0,94.3,1.1,0.0,1.72,0.0,2.89,0.0,0.0
1000g,CDX,"Chinese Dai in Xishuangbanna, China (CDX)",HG02383,0.0,1.94,0.0,0.0,92.57,0.0,0.0,1.14,0.0,4.35,0.0,0.0
1000g,CDX,"Chinese Dai in Xishuangbanna, China (CDX)",HG02384,0.0,0.0,0.0,0.0,97.65,0.0,0.0,0.0,1.05,1.3,0.0,0.0
1000g,CDX,"Chinese Dai in Xishuangbanna, China (CDX)",HG02385,0.0,0.0,0.06,0.0,94.47,0.0,1.15,1.22,0.0,2.28,0.83,0.0
1000g,CDX,"Chinese Dai in Xishuangbanna, China (CDX)",HG02386,0.0,1.0,0.09,0.0,90.2,0.0,0.0,1.31,0.37,7.03,0.0,0.0
1000g,CDX,"Chinese Dai in Xishuangbanna, China (CDX)",HG02389,0.29,0.0,0.12,0.0,96.44,0.0,0.0,0.0,0.0,3.14,0.0,0.0
1000g,CDX,"Chinese Dai in Xishuangbanna, China (CDX)",HG02390,0.0,0.66,0.0,0.0,93.34,0.0,0.0,1.4,0.0,3.0,0.44,1.16
1000g,CDX,"Chinese Dai in Xishuangbanna, China (CDX)",HG02391,0.0,0.0,0.0,0.29,91.42,0.0,0.0,0.0,3.68,3.83,0.0,0.78
1000g,CDX,"Chinese Dai in Xishuangbanna, China (CDX)",HG02392,0.0,0.0,0.0,0.0,95.41,0.0,0.0,1.47,0.0,3.12,0.0,0.0
1000g,CDX,"Chinese Dai in Xishuangbanna, China (CDX)",HG02394,0.0,2.36,0.0,0.0,93.19,0.0,0.0,0.2,0.0,3.19,0.3,0.77
1000g,CDX,"Chinese Dai in Xishuangbanna, China (CDX)",HG02395,0.0,0.0,0.06,0.0,93.66,0.0,0.0,3.37,0.0,2.92,0.0,0.0
1000g,CDX,"Chinese Dai in Xishuangbanna, China (CDX)",HG02396,0.0,1.36,0.0,0.0,95.91,0.0,0.0,0.0,0.0,1.95,0.0,0.79
1000g,CDX,"Chinese Dai in Xishuangbanna, China (CDX)",HG02397,0.0,0.0,0.0,0.0,90.82,0.0,0.0,1.41,2.7,4.98,0.09,0.0
1000g,CDX,"Chinese Dai in Xishuangbanna, China (CDX)",HG02398,0.43,0.0,0.0,0.0,92.57,0.0,0.0,0.63,3.04,3.23,0.0,0.11
1000g,CDX,"Chinese Dai in Xishuangbanna, China (CDX)",HG02399,0.0,0.01,0.0,0.25,91.18,0.0,0.32,1.99,0.0,6.24,0.0,0.0
1000g,CDX,"Chinese Dai in Xishuangbanna, China (CDX)",HG02401,0.0,0.0,0.0,0.0,93.4,0.0,0.0,1.37,1.42,3.82,0.0,0.0
1000g,CDX,"Chinese Dai in Xishuangbanna, China (CDX)",HG02402,0.41,0.0,0.0,0.0,94.04,0.06,0.0,0.42,1.1,3.77,0.0,0.19
1000g,CDX,"Chinese Dai in Xishuangbanna, China (CDX)",HG02406,0.0,0.0,0.0,0.87,93.99,0.0,0.0,0.79,1.83,2.52,0.0,0.0
1000g,CDX,"Chinese Dai in Xishuangbanna, China (CDX)",HG02407,0.68,0.0,1.43,0.0,92.16,0.0,1.2,1.79,0.0,2.75,0.0,0.0
1000g,CDX,"Chinese Dai in Xishuangbanna, China (CDX)",HG02408,0.0,0.0,0.0,0.92,95.59,0.0,0.0,0.13,0.0,1.94,0.0,1.43
1000g,CDX,"Chinese Dai in Xishuangbanna, China (CDX)",HG02409,0.0,0.0,0.0,1.82,95.05,0.0,0.08,0.0,0.0,3.04,0.0,0.0
1000g,CDX,"Chinese Dai in Xishuangbanna, China (CDX)",HG02410,0.0,0.0,0.0,0.0,94.14,0.0,0.0,1.66,0.0,4.19,0.0,0.0
1000g,CEU,Northern Europeans from Utah (CEU),NA06984,0.01,0.0,35.53,30.22,0.0,7.24,0.47,0.0,3.45,0.0,0.0,23.09
1000g,CEU,Northern Europeans from Utah (CEU),NA06985,0.0,0.0,33.18,35.35,0.48,5.59,1.81,0.0,0.0,3.54,1.46,18.59
1000g,CEU,Northern Europeans from Utah (CEU),NA06986,0.0,1.46,30.5,36.94,0.0,0.0,0.0,0.0,0.0,5.78,0.0,25.32
1000g,CEU,Northern Europeans from Utah (CEU),NA06989,0.0,1.04,35.17,29.3,0.28,8.26,0.25,0.0,0.0,0.0,2.28,23.42
1000g,CEU,Northern Europeans from Utah (CEU),NA06994,0.0,0.0,38.1,30.55,0.0,6.16,0.55,0.0,0.0,3.41,0.07,21.16
1000g,CEU,Northern Europeans from Utah (CEU),NA07000,0.75,3.21,32.17,33.63,0.12,5.65,0.0,0.91,0.0,0.0,0.0,23.56
1000g,CEU,Northern Europeans from Utah (CEU),NA07037,0.0,2.29,40.14,32.81,1.63,0.54,0.0,0.07,0.0,0.0,0.0,22.51
1000g,CEU,Northern Europeans from Utah (CEU),NA07048,0.0,0.75,35.92,31.24,0.0,6.68,0.0,0.74,1.96,0.0,1.14,21.56
1000g,CEU,Northern Europeans from Utah (CEU),NA07051,1.66,0.0,34.88,38.03,0.0,2.83,0.0,0.59,0.0,0.12,0.0,21.89
1000g,CEU,Northern Europeans from Utah (CEU),NA07056,0.0,0.7,35.86,31.85,0.0,6.22,0.0,0.0,1.13,0.21,0.44,23.6
1000g,CEU,Northern Europeans from Utah (CEU),NA07347,0.0,2.16,34.28,29.51,0.0,3.91,6.85,0.0,0.0,0.0,0.56,22.73
1000g,CEU,Northern Europeans from Utah (CEU),NA07357,0.0,3.37,37.45,31.84,0.0,6.18,0.55,1.08,0.0,0.33,0.0,19.21
1000g,CEU,Northern Europeans from Utah (CEU),NA10847,0.0,0.44,36.66,35.35,0.0,2.81,0.0,0.0,0.0,0.0,1.04,23.71
1000g,CEU,Northern Europeans from Utah (CEU),NA10851,0.0,0.0,33.6,35.45,0.0,1.7,3.6,0.0,0.78,0.0,1.36,23.52
1000g,CEU,Northern Europeans from Utah (CEU),NA11829,0.0,0.0,34.25,29.48,0.0,8.09,0.19,0.0,2.01,1.49,0.06,24.42
1000g,CEU,Northern Europeans from Utah (CEU),NA11830,0.58,1.46,35.74,35.76,0.0,1.96,1.38,0.0,0.81,0.35,0.23,21.75
1000g,CEU,Northern Europeans from Utah (CEU),NA11831,0.0,1.17,34.05,31.96,0.0,3.38,0.0,0.39,0.17,3.35,0.0,25.53
1000g,CEU,Northern Europeans from Utah (CEU),NA11832,0.39,1.73,33.48,29.17,0.0,5.7,6.54,0.0,0.0,0.0,0.0,22.99
1000g,CEU,Northern Europeans from Utah (CEU),NA11840,0.0,2.81,34.21,30.41,0.0,7.15,0.0,0.55,0.0,1.91,0.07,22.89
1000g,CEU,Northern Europeans from Utah (CEU),NA11843,0.54,0.0,37.98,29.92,0.0,7.23,0.0,1.86,0.0,0.12,0.0,22.35
1000g,CEU,Northern Europeans from Utah (CEU),NA11881,0.0,0.0,33.46,33.57,0.0,4.05,5.26,0.2,1.49,0.0,0.77,21.2
1000g,CEU,Northern Europeans from Utah (CEU),NA11892,0.0,2.18,38.13,34.72,0.0,0.0,0.0,2.01,0.0,0.0,0.74,22.22
1000g,CEU,Northern Europeans from Utah (CEU),NA11893,0.0,1.74,33.67,28.69,0.0,9.76,2.3,0.0,0.0,3.35,0.0,20.5
1000g,CEU,Northern Europeans from Utah (CEU),NA11894,0.0,1.29,29.91,35.87,0.0,7.79,3.26,0.0,0.0,0.0,0.0,21.88
1000g,CEU,Northern Europeans from Utah (CEU),NA11918,0.45,0.24,39.64,31.13,0.0,4.73,0.99,1.66,0.0,0.0,0.0,21.15
1000g,CEU,Northern Europeans from Utah (CEU),NA11919,0.81,0.0,36.67,29.85,0.0,9.69,1.23,0.21,0.0,1.57,0.0,19.98
