source,group,group_full,individual,Amerindian,Artic,Australasian,East African,East Asian,Mediterranean,North European,Palaeo African,Siberian,South Asian,Southwest Asian,West African,West Asian
1000g,ACB,African Caribbean in Barbados (ACB),HG01879,0.0,0.0,0.0,4.11,0.47,5.1,5.6,2.46,0.67,0.0,1.03,75.36,5.22
1000g,ACB,African Caribbean in Barbados (ACB),HG01880,1.47,0.37,0.65,2.16,4.66,1.15,5.64,0.84,0.0,24.03,0.42,51.86,6.75
1000g,ACB,African Caribbean in Barbados (ACB),HG01882,0.0,0.92,0.0,7.06,0.0,0.0,0.56,3.42,0.0,0.0,2.19,84.89,0.95
1000g,ACB,African Caribbean in Barbados (ACB),HG01883,0.16,0.0,0.83,4.01,0.0,3.53,7.13,1.86,0.0,0.0,0.98,77.74,3.77
1000g,ACB,African Caribbean in Barbados (ACB),HG01885,0.0,0.0,0.0,3.13,0.0,0.36,2.63,0.81,0.0,0.53,2.85,89.7,0.0
1000g,ACB,African Caribbean in Barbados (ACB),HG01886,0.0,0.8,0.0,3.29,0.0,4.78,7.03,2.35,0.0,0.0,0.07,81.68,0.0
1000g,ACB,African Caribbean in Barbados (ACB),HG01889,1.01,0.47,0.0,3.27,0.0,0.12,1.41,1.94,0.0,0.0,1.01,90.77,0.0
1000g,ACB,African Caribbean in Barbados (ACB),HG01890,0.08,0.58,0.0,0.0,0.0,6.7,6.67,1.92,0.05,0.0,0.36,83.64,0.0
1000g,ACB,African Caribbean in Barbados (ACB),HG01894,0.0,0.0,0.0,6.19,0.2,1.26,7.96,2.78,0.0,0.75,0.0,80.8,0.07
1000g,ACB,African Caribbean in Barbados (ACB),HG01896,0.0,0.0,0.0,4.64,0.15,3.07,1.9,4.57,0.0,0.15,0.0,85.53,0.0
1000g,ACB,African Caribbean in Barbados (ACB),HG01912,0.0,0.48,0.0,0.0,0.0,4.18,3.83,3.26,0.0,1.28,0.51,86.08,0.37
1000g,ACB,African Caribbean in Barbados (ACB),HG01914,0.0,0.0,0.0,4.93,0.0,5.05,7.05,3.06,0.0,2.02,1.36,76.05,0.49
1000g,ACB,African Caribbean in Barbados (ACB),HG01915,0.0,0.0,0.0,1.04,0.0,4.44,1.02,1.28,0.04,1.02,1.6,89.55,0.0
1000g,ACB,African Caribbean in Barbados (ACB),HG01956,0.32,0.0,0.0,4.78,0.0,5.38,3.2,3.79,0.0,0.0,0.69,81.42,0.42
1000g,ACB,African Caribbean in Barbados (ACB),HG01958,1.25,0.0,0.13,3.27,0.05,4.18,8.04,4.57,0.0,0.75,1.25,75.62,0.89
1000g,ACB,African Caribbean in Barbados (ACB),HG01985,0.18,0.0,0.78,2.27,0.0,2.46,5.77,3.68,0.0,0.0,1.45,83.27,0.13
1000g,ACB,African Caribbean in Barbados (ACB),HG01986,0.0,0.0,1.43,3.74,0.0,7.19,3.91,2.62,0.04,0.0,1.17,78.84,1.07
1000g,ACB,African Caribbean in Barbados (ACB),HG01988,1.19,0.7,0.67,1.5,0.0,15.35,24.67,2.72,0.0,1.2,0.0,51.09,0.91
1000g,ACB,African Caribbean in Barbados (ACB),HG01989,0.0,0.0,0.0,5.1,0.0,4.02,10.54,2.14,0.0,0.0,1.42,75.36,1.42
1000g,ACB,African Caribbean in Barbados (ACB),HG01990,0.0,0.0,0.65,6.3,1.19,3.39,2.2,2.87,0.0,0.0,0.65,81.38,1.37
1000g,ACB,African Caribbean in Barbados (ACB),HG02009,0.48,0.0,0.0,0.79,0.0,6.96,8.25,2.72,0.0,0.0,1.79,79.0,0.0
1000g,ACB,African Caribbean in Barbados (ACB),HG02010,0.86,0.0,0.05,4.49,0.0,8.67,6.76,1.62,0.0,0.0,0.0,77.54,0.0
1000g,ACB,African Caribbean in Barbados (ACB),HG02012,0.42,0.52,0.0,5.15,0.0,2.92,3.1,2.54,0.46,0.0,0.11,83.64,1.14
1000g,ACB,African Caribbean in Barbados (ACB),HG02013,0.28,0.0,1.71,3.19,0.0,1.45,1.1,2.73,0.0,0.22,0.0,88.55,0.78
1000g,ACB,African Caribbean in Barbados (ACB),HG02014,0.32,0.0,0.5,3.7,0.1,7.9,3.08,1.55,0.0,0.0,0.97,81.07,0.81
1000g,ACB,African Caribbean in Barbados (ACB),HG02051,0.0,0.0,0.0,1.19,0.68,0.96,2.94,1.25,0.0,0.0,0.0,92.97,0.0
1000g,ACB,African Caribbean in Barbados (ACB),HG02052,0.0,0.0,0.18,3.19,0.0,3.31,0.04,3.51,0.0,0.0,0.0,89.2,0.57
1000g,ACB,African Caribbean in Barbados (ACB),HG02053,0.0,0.87,0.0,1.22,0.0,2.61,4.58,2.44,0.0,0.0,0.0,88.28,0.0
1000g,ACB,African Caribbean in Barbados (ACB),HG02054,1.41,0.0,0.0,3.86,0.0,6.71,4.56,1.72,0.0,0.0,0.0,79.63,2.1
1000g,ACB,African Caribbean in Barbados (ACB),HG02095,0.0,0.26,0.0,2.51,0.0,4.13,3.16,4.06,0.0,0.97,0.0,84.91,0.0
1000g,ACB,African Caribbean in Barbados (ACB),HG02107,0.07,0.0,0.93,5.75,0.0,0.0,0.0,3.4,0.0,0.03,3.15,85.36,1.32
1000g,ACB,African Caribbean in Barbados (ACB),HG02108,0.49,0.0,0.0,7.16,0.0,5.82,6.9,3.54,0.0,1.36,1.92,71.69,1.12
1000g,ACB,African Caribbean in Barbados (ACB),HG02111,0.0,0.41,0.73,3.94,0.0,3.58,2.69,4.16,0.0,0.0,0.0,82.57,1.91
1000g,ACB,African Caribbean in Barbados (ACB),HG02143,0.89,0.03,1.27,2.27,0.0,8.11,8.28,3.44,0.47,0.0,0.97,74.28,0.0
1000g,ACB,African Caribbean in Barbados (ACB),HG02144,0.0,0.0,0.25,3.99,0.0,1.78,2.39,2.89,0.0,0.0,0.19,86.39,2.12
1000g,ACB,African Caribbean in Barbados (ACB),HG02255,0.0,0.0,0.44,3.74,0.62,3.03,2.19,3.21,0.0,0.55,0.15,84.23,1.84
1000g,ACB,African Caribbean in Barbados (ACB),HG02256,2.79,0.61,0.25,2.39,0.0,8.18,9.87,2.58,0.0,0.0,0.0,71.98,1.35
1000g,ACB,African Caribbean in Barbados (ACB),HG02281,0.0,0.0,0.0,3.08,0.0,0.9,2.69,0.48,0.01,1.03,0.92,89.89,1.0
1000g,ACB,African Caribbean in Barbados (ACB),HG02282,0.0,0.0,1.18,0.22,0.0,7.81,11.12,1.7,0.0,0.8,1.91,75.26,0.0
1000g,ACB,African Caribbean in Barbados (ACB),HG02283,0.0,0.44,0.0,4.25,1.86,8.44,9.1,2.79,0.0,0.0,0.28,70.24,2.6
1000g,ACB,African Caribbean in Barbados (ACB),HG02284,0.0,0.0,0.0,3.86,0.0,6.59,9.32,2.16,0.07,0.0,1.3,76.7,0.0
1000g,ACB,African Caribbean in Barbados (ACB),HG02307,0.0,0.19,0.0,6.99,0.0,1.84,3.36,2.11,0.0,1.34,0.35,83.4,0.42
1000g,ACB,African Caribbean in Barbados (ACB),HG02308,0.0,0.0,0.0,1.03,0.48,1.66,8.89,2.03,0.0,0.0,0.0,84.74,1.16
1000g,ACB,African Caribbean in Barbados (ACB),HG02309,1.02,0.0,0.0,2.9,0.0,3.66,5.6,2.61,0.0,0.0,1.01,83.01,0.18
1000g,ACB,African Caribbean in Barbados (ACB),HG02314,0.0,0.23,0.03,5.8,0.0,4.58,2.56,2.69,0.11,0.0,0.5,82.91,0.59
1000g,ACB,African Caribbean in Barbados (ACB),HG02315,0.84,0.0,0.0,5.53,0.0,4.79,6.04,1.95,0.0,0.0,1.58,78.77,0.5
1000g,ACB,African Caribbean in Barbados (ACB),HG02317,0.0,0.0,0.21,0.0,0.0,0.31,3.72,1.03,0.0,0.6,0.0,92.94,1.2
1000g,ACB,African Caribbean in Barbados (ACB),HG02318,0.0,0.0,0.29,5.85,0.57,1.95,1.53,5.08,0.0,0.11,0.48,84.13,0.0
1000g,ACB,African Caribbean in Barbados (ACB),HG02322,0.0,0.0,0.0,0.08,0.0,5.47,6.09,0.81,0.0,0.0,0.0,85.71,1.85
1000g,ACB,African Caribbean in Barbados (ACB),HG02323,0.0,0.0,0.04,4.61,0.0,4.68,2.39,3.65,0.0,0.07,0.52,82.69,1.35
1000g,ACB,African Caribbean in Barbados (ACB),HG02325,0.0,0.17,0.0,2.19,0.0,1.49,0.0,3.1,0.0,0.0,0.27,90.84,1.94
1000g,ACB,African Caribbean in Barbados (ACB),HG02330,0.0,0.0,0.0,1.63,0.0,1.39,7.18,2.74,0.0,0.63,0.96,84.69,0.79
1000g,ACB,African Caribbean in Barbados (ACB),HG02332,0.0,0.0,1.04,4.68,0.0,3.39,6.24,3.05,0.0,0.0,0.32,81.28,0.0
1000g,ACB,African Caribbean in Barbados (ACB),HG02334,0.0,0.0,0.0,3.51,0.0,8.81,12.34,2.77,0.36,1.51,2.5,67.94,0.27
1000g,ACB,African Caribbean in Barbados (ACB),HG02337,0.0,0.0,0.19,4.91,0.67,4.1,6.74,3.0,0.0,0.59,0.71,78.75,0.34
1000g,ACB,African Caribbean in Barbados (ACB),HG02339,0.0,0.0,0.36,0.0,0.0,2.2,0.69,1.61,0.0,0.0,0.43,94.7,0.0
1000g,ACB,African Caribbean in Barbados (ACB),HG02343,0.55,0.0,0.2,4.39,0.0,8.33,11.6,3.29,0.0,0.0,2.27,69.38,0.0
1000g,ACB,African Caribbean in Barbados (ACB),HG02419,0.44,0.0,0.0,4.3,0.03,1.84,1.51,1.7,0.0,1.31,2.62,84.64,1.62
1000g,ACB,African Caribbean in Barbados (ACB),HG02420,0.0,0.0,0.22,3.7,0.0,17.16,18.27,2.13,0.0,0.0,2.42,52.2,3.9
1000g,ACB,African Caribbean in Barbados (ACB),HG02427,0.0,0.0,0.0,4.6,0.0,4.94,3.83,0.94,0.0,0.0,0.17,84.79,0.72
1000g,ACB,African Caribbean in Barbados (ACB),HG02429,0.0,0.0,0.15,2.99,0.0,3.04,4.87,4.67,0.0,0.0,1.43,81.28,1.57
1000g,ACB,African Caribbean in Barbados (ACB),HG02433,0.0,0.0,0.0,2.23,1.3,5.08,5.69,1.15,0.0,0.0,0.0,83.23,1.33
1000g,ACB,African Caribbean in Barbados (ACB),HG02439,0.0,0.0,0.7,5.6,0.52,2.7,2.28,3.11,1.14,0.0,0.0,83.95,0.0
1000g,ACB,African Caribbean in Barbados (ACB),HG02442,0.0,0.0,0.0,1.08,0.0,0.0,0.0,2.68,1.06,0.0,2.97,92.21,0.0
1000g,ACB,African Caribbean in Barbados (ACB),HG02445,0.32,0.0,1.15,5.33,0.0,6.78,8.64,3.69,0.0,0.0,0.0,72.34,1.76
1000g,ACB,African Caribbean in Barbados (ACB),HG02449,0.0,1.18,0.0,1.99,0.0,1.71,2.75,2.62,0.0,0.49,1.16,87.35,0.76
1000g,ACB,African Caribbean in Barbados (ACB),HG02450,0.68,0.36,0.59,3.63,0.0,3.11,5.22,3.58,0.0,0.0,0.0,82.84,0.0
1000g,ACB,African Caribbean in Barbados (ACB),HG02455,0.0,0.51,0.98,4.12,0.0,5.02,7.91,2.49,0.0,0.0,0.22,76.73,2.03
1000g,ACB,African Caribbean in Barbados (ACB),HG02470,0.0,0.26,0.01,0.76,0.0,3.27,4.11,1.92,0.0,0.89,0.0,88.76,0.0
1000g,ACB,African Caribbean in Barbados (ACB),HG02471,0.0,0.0,0.0,1.37,0.0,3.86,2.99,2.93,0.0,2.25,0.71,85.88,0.0
1000g,ACB,African Caribbean in Barbados (ACB),HG02476,0.0,0.0,0.0,3.0,0.0,6.04,10.55,3.38,0.0,0.22,1.01,75.79,0.0
1000g,ACB,African Caribbean in Barbados (ACB),HG02477,0.49,0.26,0.81,2.81,0.0,3.36,7.35,2.6,0.0,0.0,0.76,79.8,1.76
1000g,ACB,African Caribbean in Barbados (ACB),HG02479,0.59,0.0,0.23,3.69,0.0,3.34,4.88,3.5,0.0,0.0,0.0,82.08,1.69
1000g,ACB,African Caribbean in Barbados (ACB),HG02481,0.0,0.0,0.19,6.46,0.0,3.59,3.87,2.92,0.86,0.3,1.59,79.63,0.59
1000g,ACB,African Caribbean in Barbados (ACB),HG02484,0.0,0.0,0.0,1.77,0.0,3.78,4.73,2.03,0.0,0.46,1.26,85.48,0.5
1000g,ACB,African Caribbean in Barbados (ACB),HG02485,0.0,0.34,0.0,3.22,0.0,9.07,12.53,1.41,1.19,0.0,0.99,69.2,2.05
1000g,ACB,African Caribbean in Barbados (ACB),HG02489,0.0,0.0,1.05,0.06,0.0,5.3,4.04,2.25,0.28,2.15,1.69,82.27,0.92
1000g,ACB,African Caribbean in Barbados (ACB),HG02496,0.48,0.08,1.25,4.96,0.0,2.86,3.13,3.01,0.0,0.43,2.2,81.58,0.0
1000g,ACB,African Caribbean in Barbados (ACB),HG02497,0.36,0.0,0.06,0.0,0.0,2.9,0.0,0.74,0.0,0.0,2.07,92.11,1.77
1000g,ACB,African Caribbean in Barbados (ACB),HG02501,0.0,0.0,0.05,1.43,0.23,8.91,9.22,2.07,0.0,2.33,0.63,73.64,1.49
1000g,ACB,African Caribbean in Barbados (ACB),HG02502,0.0,0.0,1.76,3.33,1.73,7.75,7.37,2.5,0.0,0.0,0.0,74.46,1.1
1000g,ACB,African Caribbean in Barbados (ACB),HG02505,1.09,0.0,0.0,4.68,0.0,4.56,3.32,2.49,0.0,0.68,1.14,82.04,0.0
1000g,ACB,African Caribbean in Barbados (ACB),HG02508,0.0,0.75,0.0,5.72,1.11,2.34,2.71,2.85,0.24,0.06,1.8,82.41,0.0
1000g,ACB,African Caribbean in Barbados (ACB),HG02511,0.01,0.0,0.75,6.76,0.0,2.75,2.87,1.52,1.12,0.0,0.0,84.21,0.0
1000g,ACB,African Caribbean in Barbados (ACB),HG02536,0.0,0.03,0.0,3.23,0.0,6.11,12.3,3.5,0.0,0.0,0.0,74.09,0.74
1000g,ACB,African Caribbean in Barbados (ACB),HG02537,0.5,0.14,0.19,3.77,0.0,5.03,0.0,3.61,0.23,0.0,0.0,86.53,0.0
1000g,ACB,African Caribbean in Barbados (ACB),HG02541,0.22,0.38,0.09,5.41,0.0,6.17,8.02,3.3,0.0,1.02,0.13,72.47,2.79
1000g,ACB,African Caribbean in Barbados (ACB),HG02545,0.0,0.1,0.0,3.19,0.0,4.44,3.54,2.22,0.0,0.41,0.66,84.89,0.54
1000g,ACB,African Caribbean in Barbados (ACB),HG02546,0.2,0.0,0.0,5.55,0.0,2.55,3.41,2.61,0.0,0.0,0.0,84.37,1.31
1000g,ACB,African Caribbean in Barbados (ACB),HG02549,0.3,0.01,0.0,6.02,0.0,0.0,2.25,6.0,0.28,0.14,0.95,84.05,0.0
1000g,ACB,African Caribbean in Barbados (ACB),HG02554,0.72,0.0,0.0,1.46,0.74,5.28,6.32,3.05,0.0,0.0,0.0,82.44,0.0
1000g,ACB,African Caribbean in Barbados (ACB),HG02555,0.0,0.17,0.0,3.4,0.0,4.26,6.35,2.67,0.52,0.0,0.8,81.59,0.25
1000g,ACB,African Caribbean in Barbados (ACB),HG02557,0.0,0.03,0.4,3.45,0.0,3.87,0.0,4.04,0.0,1.61,0.0,85.27,1.34
1000g,ACB,African Caribbean in Barbados (ACB),HG02558,0.1,0.0,0.41,4.39,0.0,5.6,4.73,2.26,0.0,0.0,0.0,81.91,0.6
1000g,ACB,African Caribbean in Barbados (ACB),HG02577,0.42,0.0,0.0,3.26,0.0,6.34,12.5,5.42,0.0,0.12,2.36,69.57,0.0
1000g,ACB,African Caribbean in Barbados (ACB),HG02580,0.0,0.65,0.67,6.74,1.17,4.1,7.09,2.62,0.0,0.0,0.0,75.15,1.81
1000g,ASW,African Ancestry in SW USA (ASW),NA19625,18.17,1.99,1.91,1.53,0.0,5.01,4.93,2.01,0.57,1.84,0.0,60.9,1.13
1000g,ASW,African Ancestry in SW USA (ASW),NA19700,0.0,0.0,0.0,1.8,0.0,7.99,8.68,3.66,0.0,0.1,0.68,74.71,2.37
1000g,ASW,African Ancestry in SW USA (ASW),NA19701,2.3,0.0,0.0,0.0,1.22,6.76,6.93,1.34,0.0,0.29,0.0,79.79,1.38
1000g,ASW,African Ancestry in SW USA (ASW),NA19703,0.0,0.0,0.16,3.03,1.72,5.42,8.4,2.02,0.0,0.0,1.26,77.99,0.0
1000g,ASW,African Ancestry in SW USA (ASW),NA19704,0.45,0.04,0.0,4.27,0.0,4.72,6.73,3.94,0.0,1.57,1.54,74.21,2.54
1000g,ASW,African Ancestry in SW USA (ASW),NA19707,0.0,0.0,0.0,3.36,1.84,7.96,12.24,3.89,0.0,0.0,1.92,64.33,4.47
1000g,ASW,African Ancestry in SW USA (ASW),NA19711,0.32,0.0,0.08,3.11,0.42,1.67,8.85,1.41,0.0,0.08,1.03,82.93,0.1
1000g,ASW,African Ancestry in SW USA (ASW),NA19712,0.35,0.0,0.33,0.6,0.0,3.54,5.95,2.52,0.0,1.52,1.82,83.35,0.0
1000g,ASW,African Ancestry in SW USA (ASW),NA19713,0.0,0.0,0.36,5.73,0.27,9.77,13.1,3.12,0.0,1.98,0.0,64.63,1.04
1000g,ASW,African Ancestry in SW USA (ASW),NA19818,1.15,0.86,0.12,3.97,0.14,9.12,16.79,1.39,1.54,0.84,0.0,64.09,0.0
1000g,ASW,African Ancestry in SW USA (ASW),NA19819,0.51,1.02,0.57,4.61,0.0,8.27,16.16,1.51,0.0,1.12,0.0,63.19,3.03
1000g,ASW,African Ancestry in SW USA (ASW),NA19834,0.0,0.0,0.0,4.52,0.86,6.76,14.22,2.12,0.0,1.83,1.63,67.37,0.69
1000g,ASW,African Ancestry in SW USA (ASW),NA19835,0.0,0.48,0.4,0.0,0.89,6.16,9.64,2.34,0.64,0.44,0.0,79.02,0.0
1000g,ASW,African Ancestry in SW USA (ASW),NA19900,0.0,0.0,0.42,4.87,0.0,5.97,6.44,2.93,0.0,2.72,0.26,74.06,2.33
1000g,ASW,African Ancestry in SW USA (ASW),NA19901,1.23,0.6,1.59,5.38,0.0,2.8,1.11,2.74,0.38,0.0,1.39,80.15,2.62
1000g,ASW,African Ancestry in SW USA (ASW),NA19904,0.0,1.72,0.5,0.93,0.0,4.11,8.36,0.69,0.19,0.08,0.0,78.48,4.95
1000g,ASW,African Ancestry in SW USA (ASW),NA19908,1.43,0.01,0.62,0.9,0.0,4.32,4.87,2.92,0.0,0.0,2.2,82.4,0.32
1000g,ASW,African Ancestry in SW USA (ASW),NA19909,1.55,0.0,0.0,3.8,0.0,1.64,7.37,1.77,0.0,2.43,1.45,78.45,1.55
1000g,ASW,African Ancestry in SW USA (ASW),NA19913,0.84,0.83,0.24,0.8,0.0,2.1,8.17,2.98,0.0,0.97,0.0,79.31,3.76
1000g,ASW,African Ancestry in SW USA (ASW),NA19914,0.0,0.0,0.0,4.72,0.0,10.64,16.26,1.95,0.36,1.6,3.08,61.39,0.0
1000g,ASW,African Ancestry in SW USA (ASW),NA19916,0.0,0.13,0.0,1.52,0.0,2.9,6.82,1.57,0.0,3.07,0.59,83.41,0.0
1000g,ASW,African Ancestry in SW USA (ASW),NA19917,0.08,0.0,0.0,0.23,0.0,3.31,6.51,2.36,1.41,0.32,0.0,85.11,0.67
1000g,ASW,African Ancestry in SW USA (ASW),NA19920,0.0,0.8,0.0,6.32,0.0,2.27,3.93,2.53,0.0,0.0,3.74,79.71,0.72
1000g,ASW,African Ancestry in SW USA (ASW),NA19921,7.43,2.98,0.34,4.67,0.15,10.55,11.62,2.59,1.22,1.49,2.01,50.35,4.6
1000g,ASW,African Ancestry in SW USA (ASW),NA19922,0.0,1.44,0.05,2.92,0.0,10.06,15.04,4.2,0.0,0.89,0.76,62.79,1.84
1000g,ASW,African Ancestry in SW USA (ASW),NA19923,0.0,0.24,0.0,2.66,0.42,13.82,20.86,2.13,0.0,0.0,1.15,56.54,2.17
1000g,ASW,African Ancestry in SW USA (ASW),NA19982,0.0,0.09,2.04,2.1,0.0,3.8,6.15,1.94,0.0,0.0,0.0,80.03,3.85
1000g,ASW,African Ancestry in SW USA (ASW),NA19984,0.03,0.21,0.09,5.59,0.0,5.8,4.16,2.23,0.0,2.67,0.0,78.14,1.09
1000g,ASW,African Ancestry in SW USA (ASW),NA20126,0.0,1.73,0.0,0.0,0.89,9.65,17.11,3.41,0.08,0.0,0.0,65.38,1.76
1000g,ASW,African Ancestry in SW USA (ASW),NA20127,0.0,0.0,0.0,0.31,1.2,4.7,4.78,1.72,0.0,0.0,0.0,86.48,0.8
1000g,ASW,African Ancestry in SW USA (ASW),NA20274,37.13,6.18,0.73,0.27,2.18,8.43,9.65,0.0,0.63,2.16,0.0,29.02,3.61
1000g,ASW,African Ancestry in SW USA (ASW),NA20276,0.0,0.0,0.0,2.02,0.0,7.01,9.61,2.29,0.33,0.38,2.39,74.79,1.17
1000g,ASW,African Ancestry in SW USA (ASW),NA20278,0.0,0.0,0.49,0.96,0.0,17.31,29.07,0.73,1.01,0.0,0.56,45.22,4.64
1000g,ASW,African Ancestry in SW USA (ASW),NA20281,0.0,0.72,0.91,3.97,0.29,4.92,9.53,4.14,0.0,0.77,0.98,73.63,0.14
1000g,ASW,African Ancestry in SW USA (ASW),NA20282,0.0,1.67,0.0,2.13,0.57,6.86,13.48,1.45,0.0,0.8,0.0,68.43,4.62
1000g,ASW,African Ancestry in SW USA (ASW),NA20287,0.0,0.3,0.04,4.57,0.65,6.47,8.64,3.1,0.0,0.0,0.0,73.1,3.13
1000g,ASW,African Ancestry in SW USA (ASW),NA20289,0.0,0.32,0.15,2.63,0.0,10.8,5.15,2.17,0.0,2.11,0.0,71.05,5.63
1000g,ASW,African Ancestry in SW USA (ASW),NA20291,0.84,0.0,0.0,3.06,0.0,2.77,0.0,1.66,0.0,0.57,0.31,90.8,0.0
1000g,ASW,African Ancestry in SW USA (ASW),NA20294,0.39,0.0,0.56,2.46,0.0,2.34,11.52,0.31,0.09,0.32,0.0,81.89,0.11
1000g,ASW,African Ancestry in SW USA (ASW),NA20296,0.0,0.0,0.18,3.06,0.0,9.3,12.68,2.5,1.59,0.67,0.0,70.02,0.0
1000g,ASW,African Ancestry in SW USA (ASW),NA20298,1.31,0.12,0.03,0.0,0.29,0.0,4.69,2.52,0.0,0.0,1.45,89.02,0.56
1000g,ASW,African Ancestry in SW USA (ASW),NA20299,35.19,4.72,0.13,3.37,2.58,2.61,8.47,1.76,0.66,0.0,2.4,37.48,0.63
1000g,ASW,African Ancestry in SW USA (ASW),NA20314,51.31,7.6,0.11,0.0,2.46,10.38,19.16,0.65,1.97,1.38,1.0,0.0,3.96
1000g,ASW,African Ancestry in SW USA (ASW),NA20317,0.24,0.0,0.0,5.31,0.0,10.17,15.12,3.52,0.0,0.62,3.49,61.53,0.0
1000g,ASW,African Ancestry in SW USA (ASW),NA20318,3.16,0.0,0.45,4.47,0.0,10.53,13.53,2.02,0.0,0.59,1.38,63.86,0.0
1000g,ASW,African Ancestry in SW USA (ASW),NA20320,1.37,0.0,0.18,3.44,0.0,1.25,8.0,4.51,0.0,1.2,0.02,80.03,0.0
1000g,ASW,African Ancestry in SW USA (ASW),NA20321,1.25,0.0,0.0,1.36,0.64,5.87,13.75,3.36,0.0,0.25,1.11,72.17,0.25
1000g,ASW,African Ancestry in SW USA (ASW),NA20332,0.82,0.43,0.74,0.73,0.0,8.38,12.18,0.92,0.07,0.0,0.39,74.6,0.74
1000g,ASW,African Ancestry in SW USA (ASW),NA20334,0.11,0.0,1.29,2.88,0.61,12.68,20.21,0.32,0.0,0.01,0.16,59.16,2.58
1000g,ASW,African Ancestry in SW USA (ASW),NA20339,4.46,0.0,1.11,5.44,0.0,2.71,5.34,2.47,0.0,0.12,0.0,77.49,0.86
1000g,ASW,African Ancestry in SW USA (ASW),NA20340,0.56,0.0,0.47,5.02,1.09,4.79,9.11,3.42,0.57,0.0,1.07,73.91,0.0
1000g,ASW,African Ancestry in SW USA (ASW),NA20342,1.43,0.0,0.94,2.91,2.34,15.87,16.63,2.88,0.0,0.0,1.77,52.64,2.59
1000g,ASW,African Ancestry in SW USA (ASW),NA20346,0.0,0.0,0.0,6.71,1.6,4.64,10.2,3.55,1.4,0.33,0.07,71.51,0.0
1000g,ASW,African Ancestry in SW USA (ASW),NA20348,0.0,0.78,0.0,1.78,0.63,6.26,8.72,3.69,0.0,1.83,0.0,76.32,0.0
1000g,ASW,African Ancestry in SW USA (ASW),NA20351,1.58,0.0,0.98,0.0,0.0,12.01,17.76,1.84,0.0,0.0,1.17,63.76,0.9
1000g,ASW,African Ancestry in SW USA (ASW),NA20355,0.62,0.01,0.98,7.04,0.18,5.94,11.0,1.46,0.34,0.58,0.0,71.85,0.0
1000g,ASW,African Ancestry in SW USA (ASW),NA20356,0.54,0.44,0.0,1.72,0.0,8.61,2.54,3.45,0.65,0.77,1.66,79.62,0.0
1000g,ASW,African Ancestry in SW USA (ASW),NA20357,0.3,0.0,0.44,0.0,0.7,4.7,4.24,1.8,0.0,1.28,1.71,84.82,0.0
1000g,ASW,African Ancestry in SW USA (ASW),NA20359,0.0,2.18,0.0,4.68,0.13,9.7,11.41,3.14,0.32,0.7,0.0,66.85,0.9
1000g,ASW,African Ancestry in SW USA (ASW),NA20362,0.0,0.0,0.0,3.54,0.0,8.37,12.58,3.23,1.03,0.75,0.0,69.08,1.43
1000g,ASW,African Ancestry in SW USA (ASW),NA20412,3.87,0.0,0.0,4.88,0.0,7.22,11.12,1.73,1.1,0.0,0.21,68.48,1.39
1000g,BEB,Bengali in Bangladesh (BEB),HG03006,0.0,0.0,0.67,0.0,8.73,1.4,3.21,0.5,2.13,58.25,0.0,0.0,25.1
1000g,BEB,Bengali in Bangladesh (BEB),HG03007,2.09,1.56,0.99,0.0,8.09,0.62,4.29,0.0,1.75,58.39,0.0,0.0,22.21
1000g,BEB,Bengali in Bangladesh (BEB),HG03009,0.0,0.75,0.7,0.15,9.08,0.0,5.82,0.0,0.93,58.22,0.0,0.0,24.35
1000g,BEB,Bengali in Bangladesh (BEB),HG03012,1.8,0.0,1.65,0.0,8.86,0.22,4.88,0.0,2.55,54.62,0.0,0.0,25.42
1000g,BEB,Bengali in Bangladesh (BEB),HG03585,1.18,3.11,1.03,0.0,13.16,0.82,2.94,0.0,0.0,53.46,3.09,0.0,21.2
1000g,BEB,Bengali in Bangladesh (BEB),HG03589,1.0,0.96,1.71,0.0,10.66,1.75,3.45,0.0,0.0,55.67,0.0,0.0,24.8
1000g,BEB,Bengali in Bangladesh (BEB),HG03593,0.72,0.0,0.92,0.0,11.59,0.02,6.99,0.0,0.83,54.87,0.0,0.0,24.07
1000g,BEB,Bengali in Bangladesh (BEB),HG03594,1.86,0.0,1.61,0.0,11.2,1.2,4.31,0.0,0.92,51.57,2.34,0.0,24.98
1000g,BEB,Bengali in Bangladesh (BEB),HG03595,1.82,0.0,2.26,0.0,13.31,0.0,6.06,0.0,2.19,51.49,0.0,0.0,22.86
1000g,BEB,Bengali in Bangladesh (BEB),HG03598,0.19,0.21,1.24,0.0,9.88,0.24,6.49,0.0,3.07,54.9,3.34,0.0,20.43
1000g,BEB,Bengali in Bangladesh (BEB),HG03600,1.1,1.09,1.41,0.0,2.88,0.0,0.25,0.21,1.39,68.06,0.0,0.0,23.61
1000g,BEB,Bengali in Bangladesh (BEB),HG03603,0.28,0.31,1.62,0.0,11.37,0.52,3.45,0.0,3.03,58.42,0.63,0.0,20.37
1000g,BEB,Bengali in Bangladesh (BEB),HG03604,1.48,0.04,1.56,0.0,11.55,1.44,3.69,0.05,0.0,56.8,0.0,0.0,23.38
1000g,BEB,Bengali in Bangladesh (BEB),HG03607,0.86,1.39,0.89,0.0,9.99,0.0,6.12,0.0,1.68,55.02,0.0,0.2,23.84
1000g,BEB,Bengali in Bangladesh (BEB),HG03611,1.05,0.0,2.88,0.66,12.34,0.81,4.87,0.0,2.05,52.07,0.0,0.0,23.26
1000g,BEB,Bengali in Bangladesh (BEB),HG03615,1.12,0.0,1.13,0.0,13.12,1.39,3.0,0.09,1.17,53.9,0.35,0.0,24.72
1000g,BEB,Bengali in Bangladesh (BEB),HG03616,0.16,0.94,1.86,0.0,12.36,0.0,7.79,0.0,0.0,54.83,0.5,0.0,21.56
1000g,BEB,Bengali in Bangladesh (BEB),HG03793,1.46,0.4,0.91,0.0,7.14,1.43,3.04,0.0,0.99,60.09,0.08,0.0,24.44
1000g,BEB,Bengali in Bangladesh (BEB),HG03796,0.0,1.4,1.95,0.0,18.41,0.0,6.99,0.0,1.36,51.14,0.51,0.0,18.23
1000g,BEB,Bengali in Bangladesh (BEB),HG03800,0.77,0.72,2.56,0.0,13.54,0.0,3.95,0.0,4.4,56.94,0.0,0.0,17.13
1000g,BEB,Bengali in Bangladesh (BEB),HG03802,0.63,0.3,0.59,0.0,12.05,0.0,7.6,0.0,0.0,57.42,0.0,0.0,21.41
1000g,BEB,Bengali in Bangladesh (BEB),HG03803,0.75,0.0,1.75,0.0,9.89,0.0,6.9,0.51,3.42,53.11,0.0,0.0,23.67
1000g,BEB,Bengali in Bangladesh (BEB),HG03805,0.73,0.96,0.25,0.14,11.14,1.71,2.34,0.3,2.32,56.06,0.0,0.0,24.06
1000g,BEB,Bengali in Bangladesh (BEB),HG03808,2.1,0.36,2.21,0.0,11.31,0.0,5.78,0.0,4.05,51.45,0.0,0.0,22.75
1000g,BEB,Bengali in Bangladesh (BEB),HG03809,2.06,0.0,0.11,0.0,9.39,0.6,5.61,0.0,3.75,54.44,0.58,0.0,23.46
1000g,BEB,Bengali in Bangladesh (BEB),HG03812,0.13,0.0,2.23,0.0,13.63,0.0,2.92,0.0,0.57,54.64,1.48,0.0,24.41
1000g,BEB,Bengali in Bangladesh (BEB),HG03814,0.0,0.86,0.91,0.0,10.21,0.4,5.98,0.0,3.62,55.46,0.0,0.0,22.56
1000g,BEB,Bengali in Bangladesh (BEB),HG03815,1.67,0.91,1.71,0.0,14.28,0.0,6.26,0.0,0.0,53.36,0.17,0.0,21.63
1000g,BEB,Bengali in Bangladesh (BEB),HG03817,0.0,0.0,0.0,0.0,13.89,1.61,9.35,0.0,0.75,54.86,0.0,0.0,19.54
1000g,BEB,Bengali in Bangladesh (BEB),HG03821,1.48,0.0,1.36,0.68,7.34,0.15,4.4,0.0,3.16,56.71,2.05,0.0,22.66
1000g,BEB,Bengali in Bangladesh (BEB),HG03823,2.38,0.0,1.34,0.0,8.94,0.0,2.53,0.0,2.17,55.83,0.58,0.0,26.24
1000g,BEB,Bengali in Bangladesh (BEB),HG03824,0.0,0.0,2.53,0.0,13.94,0.17,6.17,0.0,2.92,52.09,0.75,0.1,21.32
1000g,BEB,Bengali in Bangladesh (BEB),HG03826,2.31,2.04,0.16,0.0,10.34,0.0,5.36,0.0,2.09,52.69,3.01,0.0,22.0
1000g,BEB,Bengali in Bangladesh (BEB),HG03829,1.17,0.51,1.33,0.0,11.67,1.03,3.96,0.24,2.57,55.01,0.0,0.02,22.49
1000g,BEB,Bengali in Bangladesh (BEB),HG03830,0.02,1.36,1.85,1.14,11.5,0.0,3.96,0.0,5.46,54.02,0.0,0.0,20.7
1000g,BEB,Bengali in Bangladesh (BEB),HG03832,1.76,0.62,1.49,0.0,9.73,0.0,3.75,0.15,2.66,56.99,0.24,0.0,22.6
1000g,BEB,Bengali in Bangladesh (BEB),HG03833,1.41,2.18,1.85,0.0,10.15,0.0,4.36,0.06,1.7,55.18,0.55,0.21,22.35
1000g,BEB,Bengali in Bangladesh (BEB),HG03902,2.07,0.0,1.06,0.07,9.5,0.0,5.36,0.0,3.26,52.41,0.84,0.0,25.43
1000g,BEB,Bengali in Bangladesh (BEB),HG03905,1.14,0.0,0.51,0.0,11.46,0.0,4.77,0.0,3.89,53.71,0.0,0.0,24.52
1000g,BEB,Bengali in Bangladesh (BEB),HG03907,0.0,0.0,1.66,0.0,11.07,0.0,3.41,0.0,2.15,54.01,0.0,0.62,27.08
1000g,BEB,Bengali in Bangladesh (BEB),HG03908,0.0,0.91,1.9,0.0,10.63,0.7,4.79,0.0,1.7,54.93,0.92,0.0,23.54
1000g,BEB,Bengali in Bangladesh (BEB),HG03910,0.21,0.0,0.46,0.0,14.18,0.83,5.04,0.0,1.86,53.73,0.42,0.0,23.26
1000g,BEB,Bengali in Bangladesh (BEB),HG03911,0.0,2.28,1.11,0.0,8.16,0.74,4.5,0.0,1.61,56.38,0.0,0.0,25.21
1000g,BEB,Bengali in Bangladesh (BEB),HG03913,0.9,0.23,0.57,0.0,9.87,0.0,4.59,0.24,1.47,57.76,0.0,0.0,24.37
1000g,BEB,Bengali in Bangladesh (BEB),HG03914,1.44,0.0,0.8,0.0,10.35,0.0,7.48,0.06,0.98,56.03,0.0,0.0,22.85
1000g,BEB,Bengali in Bangladesh (BEB),HG03916,0.0,0.91,0.26,0.14,13.95,0.0,4.35,0.15,1.22,55.78,0.0,0.0,23.24
1000g,BEB,Bengali in Bangladesh (BEB),HG03917,0.55,1.5,1.9,0.0,11.63,0.0,4.93,0.0,0.05,54.39,2.08,0.0,22.97
1000g,BEB,Bengali in Bangladesh (BEB),HG03919,0.79,0.63,2.72,0.15,4.84,1.22,4.93,0.0,0.82,54.78,0.0,0.0,29.11
1000g,BEB,Bengali in Bangladesh (BEB),HG03920,0.61,1.08,0.92,0.0,10.66,0.75,5.38,0.0,2.33,55.29,0.0,0.0,22.98
1000g,BEB,Bengali in Bangladesh (BEB),HG03922,1.89,0.0,0.35,0.0,10.95,0.0,4.99,0.0,3.4,55.41,0.0,0.0,23.01
1000g,BEB,Bengali in Bangladesh (BEB),HG03925,0.0,0.0,0.63,0.53,10.17,0.0,7.91,0.0,4.83,54.48,0.24,0.0,21.21
1000g,BEB,Bengali in Bangladesh (BEB),HG03926,0.37,0.0,0.57,0.7,13.81,0.08,5.84,0.0,2.74,53.31,0.0,0.0,22.58
1000g,BEB,Bengali in Bangladesh (BEB),HG03928,1.18,0.0,1.13,0.89,13.24,0.0,7.54,0.0,0.33,53.58,0.0,0.0,22.11
1000g,BEB,Bengali in Bangladesh (BEB),HG03931,1.56,0.0,0.44,0.0,14.58,0.41,5.88,0.0,2.39,54.21,0.0,0.0,20.53
1000g,BEB,Bengali in Bangladesh (BEB),HG03934,1.31,0.46,0.0,0.0,9.27,1.18,0.94,0.25,3.63,55.53,0.0,0.0,27.42
1000g,BEB,Bengali in Bangladesh (BEB),HG03937,2.28,0.2,1.37,0.0,11.95,0.95,5.22,0.0,0.0,56.13,0.0,0.0,21.9
1000g,BEB,Bengali in Bangladesh (BEB),HG03940,0.0,1.64,0.71,0.0,0.37,0.0,3.34,0.23,2.19,71.56,0.18,0.0,19.78
1000g,BEB,Bengali in Bangladesh (BEB),HG03941,1.16,0.19,0.0,0.0,2.25,0.0,1.52,0.0,2.58,70.23,1.76,0.0,20.32
1000g,BEB,Bengali in Bangladesh (BEB),HG04131,1.56,1.4,0.63,0.0,12.01,0.0,5.65,0.22,1.35,53.58,0.07,0.0,23.53
1000g,BEB,Bengali in Bangladesh (BEB),HG04134,0.13,1.08,1.73,0.0,10.32,2.87,4.0,0.0,3.45,54.3,0.0,0.0,22.12
1000g,BEB,Bengali in Bangladesh (BEB),HG04140,0.0,0.0,1.53,0.0,13.25,0.71,4.01,0.0,4.67,53.12,2.24,0.0,20.46
1000g,BEB,Bengali in Bangladesh (BEB),HG04141,1.54,0.95,1.64,0.0,12.26,0.0,6.39,0.0,1.42,53.03,2.22,0.0,20.55
1000g,BEB,Bengali in Bangladesh (BEB),HG04144,1.66,0.3,1.45,0.0,6.67,0.57,4.55,0.0,2.46,53.56,2.12,0.0,26.66
1000g,BEB,Bengali in Bangladesh (BEB),HG04146,3.58,1.17,1.76,0.0,13.51,0.21,3.15,0.0,0.0,53.51,0.0,0.0,23.1
1000g,BEB,Bengali in Bangladesh (BEB),HG04152,0.27,0.0,0.03,0.0,11.19,0.54,4.83,0.0,4.56,55.29,0.22,0.0,23.06
1000g,BEB,Bengali in Bangladesh (BEB),HG04153,0.11,0.73,2.03,0.0,10.09,0.99,2.76,1.05,2.43,54.03,1.54,0.0,24.23
1000g,BEB,Bengali in Bangladesh (BEB),HG04155,0.0,1.16,0.0,0.0,13.14,0.98,5.22,0.0,2.44,56.18,0.0,0.0,20.87
1000g,BEB,Bengali in Bangladesh (BEB),HG04156,0.88,0.87,2.12,0.0,11.9,0.0,6.65,0.0,1.69,53.9,0.0,0.0,21.99
1000g,BEB,Bengali in Bangladesh (BEB),HG04158,2.7,1.31,0.54,0.1,13.36,0.0,2.82,0.11,0.25,52.57,0.52,0.0,25.73
1000g,BEB,Bengali in Bangladesh (BEB),HG04159,2.32,0.0,1.29,0.0,12.34,1.33,3.59,0.0,1.75,53.1,0.0,0.0,24.28
1000g,BEB,Bengali in Bangladesh (BEB),HG04161,1.16,0.87,2.11,0.0,11.11,1.21,3.83,0.0,3.27,55.96,0.0,0.0,20.49
1000g,BEB,Bengali in Bangladesh (BEB),HG04162,0.0,0.63,2.06,0.0,12.42,1.2,4.81,0.0,4.21,52.86,0.0,0.0,21.79
1000g,BEB,Bengali in Bangladesh (BEB),HG04164,1.02,0.0,0.39,1.38,8.56,0.55,7.27,0.0,4.2,54.8,0.0,0.0,21.82
1000g,BEB,Bengali in Bangladesh (BEB),HG04171,2.35,0.15,0.74,0.0,11.34,0.0,1.81,0.0,2.83,54.1,0.0,1.0,25.68
1000g,BEB,Bengali in Bangladesh (BEB),HG04173,1.99,0.2,0.88,0.34,12.56,2.77,3.71,0.19,0.0,55.78,0.06,0.0,21.53
1000g,BEB,Bengali in Bangladesh (BEB),HG04176,0.43,1.6,1.06,0.0,9.01,0.0,4.84,0.0,3.58,56.29,0.0,0.0,23.19
1000g,BEB,Bengali in Bangladesh (BEB),HG04177,0.12,2.67,0.09,0.0,11.5,2.28,2.84,0.0,1.96,55.78,0.58,0.0,22.18
1000g,BEB,Bengali in Bangladesh (BEB),HG04180,0.14,2.8,2.27,0.0,10.5,0.99,6.26,0.0,1.1,54.76,0.0,0.0,21.2
1000g,BEB,Bengali in Bangladesh (BEB),HG04182,2.87,1.16,0.31,0.0,12.88,0.0,2.61,0.13,0.0,54.93,0.0,0.0,25.11
1000g,BEB,Bengali in Bangladesh (BEB),HG04183,1.2,0.0,0.66,0.0,12.48,0.99,4.0,0.0,2.69,53.55,0.06,0.0,24.36
1000g,BEB,Bengali in Bangladesh (BEB),HG04185,0.0,1.08,2.73,0.0,1.37,0.0,0.39,0.0,3.81,66.97,0.0,0.0,23.66
1000g,BEB,Bengali in Bangladesh (BEB),HG04186,1.83,0.0,0.74,0.0,2.21,0.0,1.71,0.0,0.9,69.31,0.0,0.0,23.3
1000g,BEB,Bengali in Bangladesh (BEB),HG04188,2.03,0.0,1.53,0.0,9.32,0.13,6.33,0.0,1.9,56.67,0.55,0.0,21.55
1000g,BEB,Bengali in Bangladesh (BEB),HG04189,0.48,0.0,1.77,0.2,12.11,0.85,5.26,0.0,1.37,57.12,0.05,0.63,20.15
1000g,BEB,Bengali in Bangladesh (BEB),HG04194,0.86,0.65,0.43,0.0,8.6,0.0,4.81,0.31,2.47,57.31,1.01,0.0,23.55
1000g,BEB,Bengali in Bangladesh (BEB),HG04195,1.54,0.59,1.83,0.0,11.69,4.8,3.76,0.0,3.98,51.74,0.0,0.0,20.07
1000g,CDX,"Chinese Dai in Xishuangbanna, China (CDX)",HG00759,0.0,0.0,1.54,0.0,88.05,0.0,0.61,0.0,5.46,4.33,0.0,0.0,0.0
1000g,CDX,"Chinese Dai in Xishuangbanna, China (CDX)",HG00766,0.0,1.0,1.12,0.0,92.31,0.0,0.51,0.0,1.55,3.51,0.0,0.0,0.0
1000g,CDX,"Chinese Dai in Xishuangbanna, China (CDX)",HG00844,0.0,0.0,0.83,0.0,96.94,0.0,0.0,0.0,0.0,0.52,0.0,0.0,1.71
1000g,CDX,"Chinese Dai in Xishuangbanna, China (CDX)",HG00851,0.0,0.89,1.15,0.0,92.26,0.0,0.0,0.0,2.37,3.32,0.0,0.0,0.0
1000g,CDX,"Chinese Dai in Xishuangbanna, China (CDX)",HG00864,0.0,0.0,1.75,0.0,92.97,0.0,0.0,0.0,0.79,4.48,0.0,0.0,0.01
1000g,CDX,"Chinese Dai in Xishuangbanna, China (CDX)",HG00867,0.0,1.33,1.31,0.0,96.89,0.0,0.48,0.0,0.0,0.0,0.0,0.0,0.0
1000g,CDX,"Chinese Dai in Xishuangbanna, China (CDX)",HG00879,0.0,0.76,1.95,0.0,90.33,0.0,0.0,0.0,3.88,3.08,0.0,0.0,0.0
1000g,CDX,"Chinese Dai in Xishuangbanna, China (CDX)",HG00881,0.0,0.36,0.09,0.0,90.64,0.0,0.0,0.0,3.5,5.23,0.0,0.0,0.16
1000g,CDX,"Chinese Dai in Xishuangbanna, China (CDX)",HG00956,0.6,0.0,1.0,0.0,90.0,0.0,0.36,0.0,5.22,2.46,0.35,0.0,0.0
1000g,CDX,"Chinese Dai in Xishuangbanna, China (CDX)",HG00978,0.0,0.0,1.86,0.0,93.21,0.0,0.0,0.0,3.01,1.19,0.0,0.0,0.72
1000g,CDX,"Chinese Dai in Xishuangbanna, China (CDX)",HG00982,0.81,1.57,0.6,0.0,95.37,0.0,0.0,0.0,0.0,0.87,0.0,0.0,0.78
1000g,CDX,"Chinese Dai in Xishuangbanna, China (CDX)",HG01028,0.0,0.36,0.88,0.0,91.1,0.0,0.0,0.0,3.08,4.59,0.0,0.0,0.0
1000g,CDX,"Chinese Dai in Xishuangbanna, China (CDX)",HG01029,0.0,0.0,0.0,0.0,99.87,0.0,0.13,0.0,0.0,0.0,0.0,0.0,0.0
1000g,CDX,"Chinese Dai in Xishuangbanna, China (CDX)",HG01031,0.85,0.07,0.42,0.0,96.32,0.0,0.97,0.0,0.13,1.24,0.0,0.0,0.0
1000g,CDX,"Chinese Dai in Xishuangbanna, China (CDX)",HG01046,0.0,2.2,1.12,0.0,94.55,0.0,0.09,0.0,0.0,2.05,0.0,0.0,0.0
1000g,CDX,"Chinese Dai in Xishuangbanna, China (CDX)",HG01794,0.0,0.0,0.0,0.0,93.83,0.0,0.95,0.0,3.19,2.03,0.0,0.0,0.0
1000g,CDX,"Chinese Dai in Xishuangbanna, China (CDX)",HG01795,0.0,1.36,1.73,0.0,89.06,0.0,0.0,0.0,4.72,3.13,0.0,0.0,0.0
1000g,CDX,"Chinese Dai in Xishuangbanna, China (CDX)",HG01796,0.0,0.4,1.69,0.0,91.97,0.22,0.0,0.0,2.9,2.82,0.0,0.0,0.0
1000g,CDX,"Chinese Dai in Xishuangbanna, China (CDX)",HG01797,0.0,0.0,0.0,0.25,91.87,0.0,0.0,0.0,3.02,4.86,0.0,0.0,0.0
1000g,CDX,"Chinese Dai in Xishuangbanna, China (CDX)",HG01798,0.09,0.77,0.35,0.0,81.91,0.0,0.52,0.0,15.65,0.7,0.0,0.0,0.0
1000g,CDX,"Chinese Dai in Xishuangbanna, China (CDX)",HG01799,0.0,0.0,0.08,0.0,99.92,0.0,0.0,0.0,0.0,0.01,0.0,0.0,0.0
1000g,CDX,"Chinese Dai in Xishuangbanna, China (CDX)",HG01800,0.0,1.91,0.1,0.0,95.95,0.0,0.0,0.0,0.21,1.83,0.0,0.0,0.0
1000g,CDX,"Chinese Dai in Xishuangbanna, China (CDX)",HG01801,0.0,1.15,0.64,0.0,89.99,0.0,0.0,0.0,2.97,5.12,0.0,0.14,0.0
1000g,CDX,"Chinese Dai in Xishuangbanna, China (CDX)",HG01802,0.0,1.37,0.57,0.0,93.45,0.0,0.0,0.0,2.56,2.05,0.0,0.0,0.0
1000g,CDX,"Chinese Dai in Xishuangbanna, China (CDX)",HG01804,0.0,0.0,1.47,0.0,91.76,0.0,0.0,0.02,2.93,3.83,0.0,0.0,0.0
1000g,CDX,"Chinese Dai in Xishuangbanna, China (CDX)",HG01805,0.0,0.0,0.6,0.0,91.79,0.0,0.0,0.07,4.02,3.34,0.17,0.0,0.0
1000g,CDX,"Chinese Dai in Xishuangbanna, China (CDX)",HG01806,0.0,0.0,0.38,0.0,91.8,1.01,0.0,0.0,4.29,1.88,0.0,0.0,0.65
1000g,CDX,"Chinese Dai in Xishuangbanna, China (CDX)",HG01807,0.36,0.0,1.15,0.0,94.25,0.0,1.32,0.0,0.8,1.55,0.57,0.0,0.0
1000g,CDX,"Chinese Dai in Xishuangbanna, China (CDX)",HG01808,0.24,0.0,0.79,0.0,91.34,0.0,0.0,0.16,5.53,1.94,0.0,0.0,0.0
1000g,CDX,"Chinese Dai in Xishuangbanna, China (CDX)",HG01809,0.0,0.61,0.87,0.0,92.27,0.07,0.0,0.0,1.88,3.01,0.0,0.15,1.14
1000g,CDX,"Chinese Dai in Xishuangbanna, China (CDX)",HG01810,0.0,0.99,1.36,0.0,90.25,0.0,0.0,0.0,1.87,4.94,0.6,0.0,0.0
1000g,CDX,"Chinese Dai in Xishuangbanna, China (CDX)",HG01811,0.0,0.0,0.97,0.0,96.66,0.0,0.56,0.0,0.0,1.8,0.0,0.0,0.0
1000g,CDX,"Chinese Dai in Xishuangbanna, China (CDX)",HG01812,0.0,1.6,1.44,0.0,95.01,0.0,0.0,0.0,0.0,1.95,0.0,0.0,0.0
1000g,CDX,"Chinese Dai in Xishuangbanna, China (CDX)",HG01813,0.0,1.24,1.08,0.0,89.38,0.0,0.0,0.0,3.25,4.95,0.0,0.0,0.11
1000g,CDX,"Chinese Dai in Xishuangbanna, China (CDX)",HG01815,0.0,2.11,0.15,0.0,91.78,0.0,0.0,0.0,1.04,4.74,0.0,0.0,0.19
1000g,CDX,"Chinese Dai in Xishuangbanna, China (CDX)",HG01816,0.0,0.0,0.08,0.0,99.92,0.0,0.0,0.0,0.0,0.0,0.0,0.0,0.0
1000g,CDX,"Chinese Dai in Xishuangbanna, China (CDX)",HG01817,0.0,0.0,1.03,0.0,96.22,0.0,0.0,0.0,0.0,2.15,0.61,0.0,0.0
1000g,CDX,"Chinese Dai in Xishuangbanna, China (CDX)",HG02151,0.0,0.2,2.18,0.0,93.81,0.0,0.85,0.0,0.0,2.97,0.0,0.0,0.0
1000g,CDX,"Chinese Dai in Xishuangbanna, China (CDX)",HG02152,1.63,0.0,0.49,0.0,92.21,0.0,0.44,0.19,2.02,3.01,0.0,0.0,0.0
1000g,CDX,"Chinese Dai in Xishuangbanna, China (CDX)",HG02153,0.0,0.26,0.54,0.0,93.69,0.0,0.0,0.0,1.49,4.02,0.0,0.0,0.0
1000g,CDX,"Chinese Dai in Xishuangbanna, China (CDX)",HG02154,0.0,0.0,1.14,0.0,96.62,0.62,0.0,0.0,0.0,1.28,0.0,0.0,0.34
1000g,CDX,"Chinese Dai in Xishuangbanna, China (CDX)",HG02155,0.0,0.57,0.48,0.0,94.12,0.0,0.39,0.0,2.32,2.11,0.0,0.0,0.0
1000g,CDX,"Chinese Dai in Xishuangbanna, China (CDX)",HG02156,0.0,0.73,1.52,0.0,94.55,0.0,0.05,0.0,0.0,3.15,0.0,0.0,0.0
1000g,CDX,"Chinese Dai in Xishuangbanna, China (CDX)",HG02164,0.05,0.1,1.72,0.0,91.84,0.0,0.0,0.24,3.52,2.53,0.0,0.0,0.0
1000g,CDX,"Chinese Dai in Xishuangbanna, China (CDX)",HG02165,0.0,1.9,2.14,0.0,91.5,0.0,0.0,0.0,1.23,2.69,0.55,0.0,0.0
1000g,CDX,"Chinese Dai in Xishuangbanna, China (CDX)",HG02166,0.0,0.0,0.14,0.0,93.99,0.0,0.0,0.21,1.78,3.35,0.0,0.0,0.53
1000g,CDX,"Chinese Dai in Xishuangbanna, China (CDX)",HG02178,0.0,0.17,1.45,0.0,93.71,0.0,0.0,0.0,1.79,2.0,0.0,0.0,0.88
1000g,CDX,"Chinese Dai in Xishuangbanna, China (CDX)",HG02179,1.03,0.58,1.97,0.14,89.97,0.49,0.34,0.19,2.79,2.44,0.0,0.0,0.05
1000g,CDX,"Chinese Dai in Xishuangbanna, China (CDX)",HG02180,0.0,0.05,0.8,0.0,93.04,0.0,0.0,0.0,3.3,2.81,0.0,0.0,0.0
1000g,CDX,"Chinese Dai in Xishuangbanna, China (CDX)",HG02181,0.73,0.0,0.04,0.0,95.8,0.0,0.0,0.0,0.0,3.44,0.0,0.0,0.0
1000g,CDX,"Chinese Dai in Xishuangbanna, China (CDX)",HG02182,0.0,1.57,1.36,0.0,92.67,0.0,0.16,0.13,0.57,3.54,0.0,0.0,0.0
1000g,CDX,"Chinese Dai in Xishuangbanna, China (CDX)",HG02184,0.0,0.34,0.0,0.0,96.67,0.0,0.0,0.0,0.0,2.99,0.0,0.0,0.0
1000g,CDX,"Chinese Dai in Xishuangbanna, China (CDX)",HG02185,0.0,0.0,1.69,0.0,92.19,0.0,1.92,0.0,3.96,0.25,0.0,0.0,0.0
1000g,CDX,"Chinese Dai in Xishuangbanna, China (CDX)",HG02186,0.0,1.07,0.64,0.02,93.29,0.0,0.0,0.0,1.52,2.32,1.14,0.0,0.0
1000g,CDX,"Chinese Dai in Xishuangbanna, China (CDX)",HG02187,0.56,2.04,0.61,0.0,89.86,0.0,0.0,0.0,1.93,5.0,0.0,0.0,0.0
1000g,CDX,"Chinese Dai in Xishuangbanna, China (CDX)",HG02188,0.0,0.0,0.42,0.0,96.71,0.0,0.78,0.0,0.0,1.95,0.0,0.0,0.13
1000g,CDX,"Chinese Dai in Xishuangbanna, China (CDX)",HG02190,0.97,0.35,0.87,0.0,91.02,1.36,0.08,0.0,3.1,2.25,0.0,0.0,0.0
1000g,CDX,"Chinese Dai in Xishuangbanna, China (CDX)",HG02250,0.0,0.07,0.74,0.0,91.26,0.0,0.0,0.0,3.19,4.74,0.0,0.0,0.0
1000g,CDX,"Chinese Dai in Xishuangbanna, China (CDX)",HG02351,0.0,0.24,2.38,0.0,90.69,0.23,0.33,0.03,1.28,4.17,0.64,0.0,0.0
1000g,CDX,"Chinese Dai in Xishuangbanna, China (CDX)",HG02353,0.0,0.0,1.32,0.0,91.41,0.0,0.0,0.0,3.04,4.23,0.0,0.0,0.0
1000g,CDX,"Chinese Dai in Xishuangbanna, China (CDX)",HG02355,0.0,0.0,1.0,0.0,95.43,0.0,0.73,0.0,0.0,2.84,0.0,0.0,0.0
1000g,CDX,"Chinese Dai in Xishuangbanna, China (CDX)",HG02356,0.0,1.22,0.95,0.0,90.48,0.07,0.0,0.0,3.82,3.46,0.0,0.0,0.0
1000g,CDX,"Chinese Dai in Xishuangbanna, China (CDX)",HG02360,0.0,0.0,0.09,0.0,99.91,0.0,0.0,0.0,0.0,0.0,0.0,0.0,0.0
1000g,CDX,"Chinese Dai in Xishuangbanna, China (CDX)",HG02364,0.22,0.0,1.24,0.0,95.81,0.0,0.29,0.06,0.18,2.2,0.0,0.0,0.0
1000g,CDX,"Chinese Dai in Xishuangbanna, China (CDX)",HG02367,0.0,0.71,1.12,0.0,90.63,0.0,0.0,0.0,2.92,4.63,0.0,0.0,0.0
1000g,CDX,"Chinese Dai in Xishuangbanna, China (CDX)",HG02371,0.0,0.74,1.42,0.14,93.0,0.59,0.1,0.0,0.69,3.31,0.0,0.0,0.0
1000g,CDX,"Chinese Dai in Xishuangbanna, China (CDX)",HG02373,0.0,0.0,1.26,0.16,92.02,0.0,0.0,0.0,3.18,3.09,0.28,0.0,0.0
1000g,CDX,"Chinese Dai in Xishuangbanna, China (CDX)",HG02374,0.0,1.32,1.37,0.0,91.06,0.0,0.28,0.0,2.53,3.29,0.0,0.0,0.15
1000g,CDX,"Chinese Dai in Xishuangbanna, China (CDX)",HG02375,0.0,0.0,1.55,0.0,95.49,0.0,0.0,0.0,0.81,1.82,0.34,0.0,0.0
1000g,CDX,"Chinese Dai in Xishuangbanna, China (CDX)",HG02379,0.5,1.88,1.78,0.0,90.31,0.0,0.53,0.0,1.12,3.76,0.0,0.0,0.12
1000g,CDX,"Chinese Dai in Xishuangbanna, China (CDX)",HG02380,0.0,1.13,1.28,0.0,92.02,0.0,0.0,0.0,3.05,2.51,0.0,0.0,0.0
1000g,CDX,"Chinese Dai in Xishuangbanna, China (CDX)",HG02382,0.54,0.42,0.98,0.23,91.77,0.0,0.0,0.0,2.71,3.05,0.3,0.0,0.0
1000g,CDX,"Chinese Dai in Xishuangbanna, China (CDX)",HG02383,0.0,0.6,0.0,0.0,92.59,0.0,0.0,0.0,1.04,4.35,0.0,0.0,1.42
1000g,CDX,"Chinese Dai in Xishuangbanna, China (CDX)",HG02384,0.0,1.37,0.0,0.0,95.69,0.0,0.0,0.0,0.0,2.93,0.0,0.0,0.0
1000g,CDX,"Chinese Dai in Xishuangbanna, China (CDX)",HG02385,0.0,0.39,0.59,0.0,92.22,0.0,0.0,0.0,2.97,3.83,0.0,0.0,0.0
1000g,CDX,"Chinese Dai in Xishuangbanna, China (CDX)",HG02386,0.0,0.0,2.05,0.0,86.03,0.29,0.17,0.0,6.28,5.18,0.0,0.0,0.0
1000g,CDX,"Chinese Dai in Xishuangbanna, China (CDX)",HG02389,0.0,1.51,0.95,0.0,94.77,0.0,0.0,0.0,0.0,2.77,0.0,0.0,0.0
1000g,CDX,"Chinese Dai in Xishuangbanna, China (CDX)",HG02390,0.2,1.41,1.99,0.0,94.69,0.0,0.19,0.0,0.0,1.5,0.0,0.0,0.03
1000g,CDX,"Chinese Dai in Xishuangbanna, China (CDX)",HG02391,0.0,0.08,0.44,0.02,92.43,0.0,0.74,0.0,4.27,1.13,0.0,0.06,0.84
1000g,CDX,"Chinese Dai in Xishuangbanna, China (CDX)",HG02392,0.0,0.0,0.46,0.0,93.46,0.1,0.99,0.04,3.16,1.79,0.0,0.0,0.0
1000g,CDX,"Chinese Dai in Xishuangbanna, China (CDX)",HG02394,0.11,0.57,1.11,0.0,93.59,0.0,0.83,0.0,1.19,2.59,0.0,0.0,0.0
1000g,CDX,"Chinese Dai in Xishuangbanna, China (CDX)",HG02395,0.76,0.26,2.46,0.02,93.88,0.42,0.0,0.0,1.35,0.1,0.01,0.0,0.76
1000g,CDX,"Chinese Dai in Xishuangbanna, China (CDX)",HG02396,0.0,0.0,0.51,0.0,93.97,0.0,0.41,0.0,1.4,3.71,0.0,0.0,0.0
1000g,CDX,"Chinese Dai in Xishuangbanna, China (CDX)",HG02397,0.0,1.2,0.81,0.0,95.41,0.0,0.0,0.0,0.0,2.57,0.0,0.0,0.0
1000g,CDX,"Chinese Dai in Xishuangbanna, China (CDX)",HG02398,0.0,0.0,0.4,0.0,89.97,0.0,0.23,0.0,4.14,4.91,0.35,0.0,0.0
1000g,CDX,"Chinese Dai in Xishuangbanna, China (CDX)",HG02399,0.0,1.61,1.69,0.0,94.97,0.0,0.0,0.0,0.0,1.73,0.0,0.0,0.0
1000g,CDX,"Chinese Dai in Xishuangbanna, China (CDX)",HG02401,0.0,1.0,1.55,0.0,92.28,0.0,0.0,0.0,1.45,2.71,0.11,0.0,0.9
1000g,CDX,"Chinese Dai in Xishuangbanna, China (CDX)",HG02402,0.0,0.0,1.24,0.0,90.57,0.0,0.73,0.0,4.84,2.62,0.0,0.0,0.0
1000g,CDX,"Chinese Dai in Xishuangbanna, China (CDX)",HG02406,0.0,0.0,0.71,0.0,96.11,0.0,0.69,0.0,1.05,1.32,0.0,0.0,0.12
1000g,CDX,"Chinese Dai in Xishuangbanna, China (CDX)",HG02407,0.0,0.37,1.19,0.0,92.14,0.0,0.11,0.0,3.22,2.19,0.3,0.0,0.47
1000g,CDX,"Chinese Dai in Xishuangbanna, China (CDX)",HG02408,0.73,0.17,0.71,0.0,92.55,0.0,0.75,0.0,1.42,3.25,0.0,0.0,0.43
1000g,CDX,"Chinese Dai in Xishuangbanna, China (CDX)",HG02409,0.0,1.55,0.4,0.0,93.55,0.0,1.3,0.0,0.12,3.08,0.0,0.0,0.0
1000g,CDX,"Chinese Dai in Xishuangbanna, China (CDX)",HG02410,0.0,0.28,1.53,0.0,91.88,0.0,0.0,0.0,2.96,2.96,0.39,0.0,0.0
1000g,CEU,Northern Europeans from Utah (CEU),NA06984,0.0,1.68,0.0,0.0,0.0,33.7,52.02,0.0,0.43,0.42,1.16,0.0,10.59
1000g,CEU,Northern Europeans from Utah (CEU),NA06985,0.0,1.07,1.25,0.68,0.0,33.25,48.91,0.0,0.69,0.24,2.38,0.0,11.53
1000g,CEU,Northern Europeans from Utah (CEU),NA06986,0.08,1.28,0.0,0.0,0.0,34.33,54.65,0.0,0.89,1.02,0.98,0.0,6.77
1000g,CEU,Northern Europeans from Utah (CEU),NA06989,0.87,0.0,0.0,0.0,0.0,34.15,58.41,0.0,0.0,0.79,0.0,0.0,5.78
1000g,CEU,Northern Europeans from Utah (CEU),NA06994,0.0,0.0,0.0,0.0,0.72,33.81,51.75,0.59,0.0,2.55,0.0,0.0,10.57
1000g,CEU,Northern Europeans from Utah (CEU),NA07000,0.0,0.86,0.12,0.0,0.0,31.99,53.7,0.0,0.0,1.1,3.67,0.0,8.57
1000g,CEU,Northern Europeans from Utah (CEU),NA07037,1.01,0.0,0.34,0.31,0.0,35.66,52.27,0.0,0.0,0.63,1.52,0.0,8.25
1000g,CEU,Northern Europeans from Utah (CEU),NA07048,0.0,0.0,0.25,0.95,0.0,34.77,53.06,0.0,2.03,0.0,0.61,0.13,8.2
1000g,CEU,Northern Europeans from Utah (CEU),NA07051,0.0,0.0,0.23,0.55,0.0,34.94,55.71,0.0,1.64,0.35,0.0,0.0,6.57
1000g,CEU,Northern Europeans from Utah (CEU),NA07056,0.39,0.0,0.11,0.0,0.0,35.04,52.52,0.0,1.23,1.5,0.0,0.0,9.2
1000g,CEU,Northern Europeans from Utah (CEU),NA07347,0.0,0.54,0.0,0.0,0.0,34.77,51.93,0.0,0.48,0.0,4.15,0.0,8.12
1000g,CEU,Northern Europeans from Utah (CEU),NA07357,0.12,0.32,0.09,0.0,0.0,33.95,53.68,0.0,0.0,0.11,2.26,0.0,9.47
